3,1634479762527,1634479762530
9,1634479762524,1634479762533
7,1634479762657,1634479762650
8,1634479762761,1634479762769
10,1634479762886,1634479762876
0,1634479762988,1634479762988
19,1634479763117,1634479763098
8,1634479763200,1634479763208
6,1634479763310,1634479763316
0,1634479763425,1634479763425
12,1634479763546,1634479763534
0,1634479763636,1634479763636
7,1634479763760,1634479763753
0,1634479763858,1634479763858
7,1634479763978,1634479763971
4,1634479764079,1634479764083
2,1634479764186,1634479764184
12,1634479764283,1634479764295
4,1634479764401,1634479764405
13,1634479764529,1634479764516
1,1634479764631,1634479764630
5,1634479764733,1634479764728
11,1634479764854,1634479764843
0,1634479764953,1634479764953
1,1634479765065,1634479765064
0,1634479765168,1634479765168
4,1634479765277,1634479765281
0,1634479765390,1634479765390
1,1634479765494,1634479765495
1,1634479765607,1634479765608
8,1634479765704,1634479765712
0,1634479765819,1634479765819
4,1634479765936,1634479765932
0,1634479766037,1634479766037
8,1634479766139,1634479766147
4,1634479766256,1634479766260
3,1634479766374,1634479766371
6,1634479766473,1634479766479
4,1634479766586,1634479766590
12,1634479766685,1634479766697
19,1634479766785,1634479766804
2,1634479766905,1634479766907
5,1634479767018,1634479767023
0,1634479767127,1634479767127
7,1634479767235,1634479767242
11,1634479767361,1634479767350
4,1634479767463,1634479767459
3,1634479767571,1634479767568
16,1634479767656,1634479767672
2,1634479767782,1634479767784
0,1634479767893,1634479767893
11,1634479767984,1634479767995
15,1634479768093,1634479768108
7,1634479768228,1634479768221
0,1634479768326,1634479768326
11,1634479768428,1634479768439
4,1634479768538,1634479768542
5,1634479768649,1634479768654
8,1634479768772,1634479768764
0,1634479768868,1634479768868
4,1634479768978,1634479768982
7,1634479769078,1634479769085
10,1634479769208,1634479769198
14,1634479769293,1634479769307
3,1634479769407,1634479769410
9,1634479769534,1634479769525
21,1634479769653,1634479769632
5,1634479769742,1634479769737
3,1634479769853,1634479769850
16,1634479769943,1634479769959
13,1634479770057,1634479770070
1,1634479770172,1634479770173
12,1634479770277,1634479770289
5,1634479770401,1634479770396
4,1634479770502,1634479770506
8,1634479770625,1634479770617
5,1634479770715,1634479770720
0,1634479770833,1634479770833
11,1634479770952,1634479770941
8,1634479771061,1634479771053
2,1634479771160,1634479771162
22,1634479771240,1634479771262
6,1634479771373,1634479771379
15,1634479771504,1634479771489
5,1634479771604,1634479771599
1,1634479771707,1634479771706
3,1634479771819,1634479771816
10,1634479771938,1634479771928
15,1634479772021,1634479772036
12,1634479772131,1634479772143
8,1634479772261,1634479772253
0,1634479772357,1634479772357
7,1634479772480,1634479772473
10,1634479772566,1634479772576
20,1634479772672,1634479772692
6,1634479772787,1634479772793
3,1634479772911,1634479772908
0,1634479773011,1634479773011
12,1634479773115,1634479773127
2,1634479773228,1634479773230
8,1634479773349,1634479773341
9,1634479773451,1634479773442
10,1634479773568,1634479773558
2,1634479773666,1634479773668
2,1634479773775,1634479773773
3,1634479773881,1634479773884
3,1634479773991,1634479773994
2,1634479774106,1634479774104
5,1634479774205,1634479774210
6,1634479774317,1634479774323
10,1634479774436,1634479774426
1,1634479774534,1634479774533
2,1634479774649,1634479774651
1,1634479774754,1634479774755
10,1634479774876,1634479774866
13,1634479774988,1634479774975
8,1634479775092,1634479775084
2,1634479775190,1634479775192
5,1634479775295,1634479775300
6,1634479775402,1634479775408
18,1634479775537,1634479775519
3,1634479775624,1634479775621
2,1634479775736,1634479775738
9,1634479775831,1634479775840
8,1634479775963,1634479775955
5,1634479776057,1634479776062
8,1634479776180,1634479776172
4,1634479776270,1634479776274
4,1634479776393,1634479776389
9,1634479776486,1634479776495
11,1634479776609,1634479776598
0,1634479776710,1634479776710
1,1634479776813,1634479776814
8,1634479776919,1634479776927
6,1634479777028,1634479777034
2,1634479777146,1634479777144
5,1634479777249,1634479777254
2,1634479777363,1634479777361
4,1634479777478,1634479777474
2,1634479777580,1634479777582
4,1634479777687,1634479777691
19,1634479777774,1634479777793
5,1634479777901,1634479777906
0,1634479778015,1634479778015
4,1634479778127,1634479778123
2,1634479778236,1634479778234
8,1634479778331,1634479778339
3,1634479778454,1634479778451
2,1634479778562,1634479778560
4,1634479778670,1634479778666
13,1634479778789,1634479778776
12,1634479778867,1634479778879
12,1634479779005,1634479778993
4,1634479779098,1634479779102
3,1634479779209,1634479779212
0,1634479779315,1634479779315
1,1634479779424,1634479779423
11,1634479779549,1634479779538
17,1634479779664,1634479779647
3,1634479779751,1634479779754
1,1634479779858,1634479779859
1,1634479779969,1634479779970
2,1634479780081,1634479780083
8,1634479780252,1634479780260
1,1634479780357,1634479780358
4,1634479780467,1634479780471
4,1634479780575,1634479780579
10,1634479780693,1634479780683
21,1634479780776,1634479780797
2,1634479780906,1634479780904
17,1634479780989,1634479781006
5,1634479781123,1634479781118
0,1634479781229,1634479781229
6,1634479781344,1634479781338
13,1634479781432,1634479781445
2,1634479781558,1634479781556
5,1634479781667,1634479781662
1,1634479781771,1634479781770
8,1634479781879,1634479781871
5,1634479781984,1634479781989
6,1634479782085,1634479782091
15,1634479782192,1634479782207
5,1634479782310,1634479782315
3,1634479782420,1634479782423
19,1634479782514,1634479782533
10,1634479782635,1634479782645
9,1634479782762,1634479782753
8,1634479782869,1634479782861
10,1634479782956,1634479782966
1,1634479783082,1634479783081
3,1634479783179,1634479783182
10,1634479783286,1634479783296
0,1634479783400,1634479783400
4,1634479783517,1634479783513
12,1634479783635,1634479783623
6,1634479783738,1634479783732
8,1634479783825,1634479783833
1,1634479783939,1634479783940
7,1634479784050,1634479784057
0,1634479784168,1634479784168
0,1634479784268,1634479784268
8,1634479784379,1634479784387
1,1634479784494,1634479784495
9,1634479784591,1634479784600
7,1634479784720,1634479784713
0,1634479784816,1634479784816
1,1634479784925,1634479784926
11,1634479785050,1634479785039
5,1634479785153,1634479785148
4,1634479785253,1634479785257
14,1634479785344,1634479785358
1,1634479785474,1634479785473
0,1634479785583,1634479785583
4,1634479785687,1634479785691
0,1634479785796,1634479785796
5,1634479785904,1634479785909
5,1634479786024,1634479786019
4,1634479786124,1634479786128
3,1634479786233,1634479786236
6,1634479786338,1634479786344
3,1634479786452,1634479786449
7,1634479786570,1634479786563
6,1634479786678,1634479786672
3,1634479786778,1634479786781
5,1634479786895,1634479786890
0,1634479786992,1634479786992
15,1634479787119,1634479787104
9,1634479787216,1634479787207
1,1634479787315,1634479787316
7,1634479787434,1634479787427
12,1634479787522,1634479787534
5,1634479787649,1634479787644
3,1634479787753,1634479787756
4,1634479787866,1634479787862
3,1634479787973,1634479787970
1,1634479788082,1634479788083
1,1634479788193,1634479788192
0,1634479788298,1634479788298
0,1634479788410,1634479788410
10,1634479788503,1634479788513
20,1634479788602,1634479788622
9,1634479788745,1634479788736
2,1634479788843,1634479788845
8,1634479788944,1634479788952
16,1634479789049,1634479789065
9,1634479789182,1634479789173
3,1634479789280,1634479789283
3,1634479789389,1634479789392
15,1634479789509,1634479789494
1,1634479789608,1634479789609
5,1634479789705,1634479789710
11,1634479789814,1634479789825
0,1634479789932,1634479789932
0,1634479790039,1634479790039
4,1634479790152,1634479790148
3,1634479790257,1634479790260
2,1634479790365,1634479790367
7,1634479790478,1634479790471
2,1634479790584,1634479790582
8,1634479790683,1634479790691
5,1634479790787,1634479790792
3,1634479790905,1634479790908
10,1634479791005,1634479791015
1,1634479791126,1634479791125
4,1634479791232,1634479791236
10,1634479791333,1634479791343
5,1634479791461,1634479791456
2,1634479791563,1634479791565
12,1634479791664,1634479791676
6,1634479791783,1634479791777
14,1634479791905,1634479791891
1,1634479791999,1634479792000
4,1634479792104,1634479792108
21,1634479792239,1634479792218
13,1634479792340,1634479792327
6,1634479792434,1634479792428
17,1634479792555,1634479792538
5,1634479792648,1634479792653
5,1634479792754,1634479792759
0,1634479792871,1634479792871
8,1634479792969,1634479792977
15,1634479793103,1634479793088
2,1634479793202,1634479793200
6,1634479793313,1634479793307
0,1634479793414,1634479793414
7,1634479793513,1634479793520
4,1634479793629,1634479793633
2,1634479793741,1634479793743
11,1634479793840,1634479793851
10,1634479793967,1634479793957
19,1634479794085,1634479794066
4,1634479794174,1634479794178
1,1634479794287,1634479794288
5,1634479794387,1634479794392
3,1634479794504,1634479794507
10,1634479794603,1634479794613
1,1634479794723,1634479794722
1,1634479794822,1634479794823
4,1634479794941,1634479794937
9,1634479795048,1634479795039
2,1634479795149,1634479795151
3,1634479795265,1634479795262
7,1634479795362,1634479795369
6,1634479795475,1634479795481
4,1634479795579,1634479795583
4,1634479795693,1634479795697
3,1634479795802,1634479795799
21,1634479795892,1634479795913
2,1634479796015,1634479796017
9,1634479796138,1634479796129
3,1634479796234,1634479796231
2,1634479797729,1634479797731
11,1634479797820,1634479797831
5,1634479797942,1634479797947
17,1634479798034,1634479798051
0,1634479798164,1634479798164
2,1634479798267,1634479798269
1,1634479798381,1634479798380
9,1634479798480,1634479798489
5,1634479798604,1634479798599
13,1634479798721,1634479798708
6,1634479798822,1634479798816
22,1634479798896,1634479798918
5,1634479799023,1634479799028
22,1634479799161,1634479799139
6,1634479799241,1634479799247
2,1634479799348,1634479799350
13,1634479799472,1634479799459
8,1634479799584,1634479799576
3,1634479799680,1634479799683
7,1634479799800,1634479799793
1,1634479799900,1634479799899
7,1634479800006,1634479800013
6,1634479800117,1634479800111
3,1634479800231,1634479800228
1,1634479800334,1634479800335
5,1634479800442,1634479800437
13,1634479800566,1634479800553
9,1634479800653,1634479800662
0,1634479800771,1634479800771
4,1634479800868,1634479800872
7,1634479800978,1634479800985
10,1634479801106,1634479801096
16,1634479801220,1634479801204
6,1634479801320,1634479801314
3,1634479801419,1634479801422
13,1634479801512,1634479801525
5,1634479801643,1634479801638
10,1634479801737,1634479801747
12,1634479802510,1634479802498
5,1634479802594,1634479802599
0,1634479802712,1634479802712
4,1634479802814,1634479802818
4,1634479802935,1634479802931
11,1634479803021,1634479803032
6,1634479803146,1634479803140
1,1634479803256,1634479803255
1,1634479803367,1634479803366
6,1634479803465,1634479803471
3,1634479803577,1634479803580
8,1634479803682,1634479803690
11,1634479803787,1634479803798
4,1634479803910,1634479803906
13,1634479804030,1634479804017
2,1634479804118,1634479804120
2,1634479804238,1634479804236
1,1634479804344,1634479804345
5,1634479804460,1634479804455
5,1634479804571,1634479804566
6,1634479804673,1634479804667
4,1634479804785,1634479804781
7,1634479804879,1634479804886
2,1634479804997,1634479804999
2,1634479805104,1634479805102
6,1634479805222,1634479805216
7,1634479805527,1634479805534
8,1634479805627,1634479805635
3,1634479805740,1634479805743
10,1634479805862,1634479805852
3,1634479805958,1634479805961
3,1634479806070,1634479806067
4,1634479806173,1634479806177
4,1634479806279,1634479806283
4,1634479806390,1634479806394
4,1634479806503,1634479806499
3,1634479806605,1634479806608
6,1634479806727,1634479806721
2,1634479806826,1634479806828
6,1634479806934,1634479806940
3,1634479807052,1634479807049
0,1634479807154,1634479807154
5,1634479807273,1634479807268
4,1634479807372,1634479807376
9,1634479807495,1634479807486
8,1634479807585,1634479807593
4,1634479810072,1634479810068
3,1634479810179,1634479810182
16,1634479810305,1634479810289
14,1634479810407,1634479810393
4,1634479810503,1634479810507
11,1634479810629,1634479810618
3,1634479810729,1634479810726
2,1634479810834,1634479810832
0,1634479810946,1634479810946
15,1634479811071,1634479811056
2,1634479811161,1634479811159
3,1634479811279,1634479811276
7,1634479811391,1634479811384
0,1634479811495,1634479811495
0,1634479811606,1634479811606
8,1634479811718,1634479811710
11,1634479811830,1634479811819
1,1634479811930,1634479811931
0,1634479812039,1634479812039
1,1634479812149,1634479812150
14,1634479812237,1634479812251
4,1634479812362,1634479812366
6,1634479812467,1634479812473
2,1634479812580,1634479812582
7,1634479812695,1634479812688
4,1634479812822,1634479812818
10,1634479812933,1634479812923
3,1634479813036,1634479813033
3,1634479813139,1634479813142
8,1634479813238,1634479813246
4,1634479813357,1634479813361
1,1634479813467,1634479813468
0,1634479813574,1634479813574
6,1634479813673,1634479813679
3,1634479813793,1634479813796
2,1634479813905,1634479813903
1,1634479814013,1634479814014
4,1634479814119,1634479814123
1,1634479814229,1634479814228
3,1634479814338,1634479814335
5,1634479814452,1634479814447
1,1634479814559,1634479814558
16,1634479814649,1634479814665
2,1634479814776,1634479814778
3,1634479814892,1634479814889
2,1634479814995,1634479814997
3,1634479815102,1634479815105
8,1634479815203,1634479815211
4,1634479815318,1634479815322
9,1634479815415,1634479815424
1,1634479815538,1634479815539
2,1634479815643,1634479815645
4,1634479815760,1634479815756
0,1634479815862,1634479815862
7,1634479815969,1634479815976
0,1634479816085,1634479816085
7,1634479816186,1634479816193
7,1634479816305,1634479816298
0,1634479816408,1634479816408
8,1634479816505,1634479816513
4,1634479816625,1634479816629
15,1634479816717,1634479816732
10,1634479816854,1634479816844
10,1634479816964,1634479816954
0,1634479817061,1634479817061
1,1634479817172,1634479817171
6,1634479817272,1634479817278
7,1634479817383,1634479817390
1,1634479817499,1634479817498
0,1634479817603,1634479817603
15,1634479817700,1634479817715
5,1634479817815,1634479817820
10,1634479817945,1634479817935
10,1634479818052,1634479818042
8,1634479818158,1634479818150
6,1634479818253,1634479818259
11,1634479818374,1634479818363
9,1634479818469,1634479818478
5,1634479818581,1634479818586
15,1634479818705,1634479818690
7,1634479818795,1634479818802
13,1634479818923,1634479818910
4,1634479819020,1634479819024
5,1634479819124,1634479819129
8,1634479819251,1634479819243
1,1634479819347,1634479819348
12,1634479819449,1634479819461
8,1634479819563,1634479819571
2,1634479819681,1634479819679
1,1634479819781,1634479819780
13,1634479819909,1634479819896
2,1634479820004,1634479820006
2,1634479820114,1634479820116
2,1634479820226,1634479820224
0,1634479820329,1634479820329
5,1634479820447,1634479820442
10,1634479820561,1634479820551
10,1634479820648,1634479820658
4,1634479820767,1634479820771
7,1634479820886,1634479820879
1,1634479820987,1634479820988
4,1634479821097,1634479821101
7,1634479821202,1634479821209
0,1634479821316,1634479821316
1,1634479821426,1634479821425
2,1634479821530,1634479821532
2,1634479821645,1634479821643
8,1634479821758,1634479821750
11,1634479821843,1634479821854
1,1634479821969,1634479821970
1,1634479822079,1634479822078
9,1634479822198,1634479822189
1,1634479822298,1634479822297
9,1634479822391,1634479822400
13,1634479822501,1634479822514
6,1634479822616,1634479822622
10,1634479822723,1634479822733
1,1634479822837,1634479822836
12,1634479822932,1634479822944
13,1634479823045,1634479823058
5,1634479823171,1634479823166
10,1634479823285,1634479823275
8,1634479823394,1634479823386
5,1634479823492,1634479823487
13,1634479823585,1634479823598
1,1634479823712,1634479823711
10,1634479823802,1634479823812
15,1634479823908,1634479823923
6,1634479824021,1634479824027
0,1634479824137,1634479824137
11,1634479824256,1634479824245
7,1634479824349,1634479824356
8,1634479824470,1634479824462
6,1634479824571,1634479824577
0,1634479824686,1634479824686
7,1634479824800,1634479824793
6,1634479824896,1634479824902
9,1634479824999,1634479825008
6,1634479825106,1634479825112
0,1634479825226,1634479825226
11,1634479825325,1634479825336
4,1634479825436,1634479825440
3,1634479825553,1634479825556
15,1634479825650,1634479825665
7,1634479825780,1634479825773
6,1634479825887,1634479825881
7,1634479825982,1634479825989
10,1634479826086,1634479826096
5,1634479826203,1634479826198
3,1634479826315,1634479826312
2,1634479826424,1634479826426
5,1634479826527,1634479826532
0,1634479826643,1634479826643
5,1634479826755,1634479826750
12,1634479826842,1634479826854
11,1634479826976,1634479826965
2,1634479827079,1634479827077
0,1634479827187,1634479827187
4,1634479827289,1634479827293
9,1634479827398,1634479827407
1,1634479827514,1634479827513
6,1634479827618,1634479827624
7,1634479827723,1634479827730
1,1634479827844,1634479827843
7,1634479827958,1634479827951
11,1634479828072,1634479828061
9,1634479828178,1634479828169
0,1634479828277,1634479828277
20,1634479828360,1634479828380
2,1634479828496,1634479828494
5,1634479828608,1634479828603
12,1634479828725,1634479828713
9,1634479828832,1634479828823
9,1634479828920,1634479828929
2,1634479829043,1634479829045
3,1634479829144,1634479829147
4,1634479829254,1634479829258
1,1634479829368,1634479829367
15,1634479829455,1634479829470
3,1634479829586,1634479829583
3,1634479829688,1634479829691
11,1634479829790,1634479829801
0,1634479829911,1634479829911
12,1634479830001,1634479830013
11,1634479830116,1634479830127
2,1634479830234,1634479830236
6,1634479830347,1634479830341
7,1634479830463,1634479830456
1,1634479830616,1634479830615
14,1634479830736,1634479830722
2,1634479830834,1634479830832
7,1634479830936,1634479830943
10,1634479831056,1634479831046
10,1634479831150,1634479831160
1,1634479831268,1634479831269
12,1634479831390,1634479831378
0,1634479831486,1634479831486
0,1634479831590,1634479831590
19,1634479831686,1634479831705
17,1634479831795,1634479831812
9,1634479831932,1634479831923
8,1634479832024,1634479832032
6,1634479832135,1634479832141
1,1634479832251,1634479832252
0,1634479832354,1634479832354
1,1634479832467,1634479832468
10,1634479832585,1634479832575
4,1634479832683,1634479832679
6,1634479832788,1634479832794
4,1634479832908,1634479832904
1,1634479833011,1634479833010
2,1634479833123,1634479833121
4,1634479833226,1634479833230
11,1634479833328,1634479833339
2,1634479833450,1634479833448
2,1634479833553,1634479833551
2,1634479833668,1634479833666
5,1634479833773,1634479833768
1,1634479833883,1634479833884
24,1634479834017,1634479833993
12,1634479834086,1634479834098
7,1634479834213,1634479834206
4,1634479834324,1634479834320
8,1634479834431,1634479834423
0,1634479834530,1634479834530
8,1634479834650,1634479834642
3,1634479834751,1634479834748
3,1634479834851,1634479834854
6,1634479834964,1634479834970
8,1634479835087,1634479835079
8,1634479835180,1634479835188
12,1634479835285,1634479835297
6,1634479835395,1634479835401
8,1634479835524,1634479835516
1,1634479835619,1634479835620
14,1634479835749,1634479835735
2,1634479835846,1634479835844
0,1634479835946,1634479835946
3,1634479836061,1634479836064
21,1634479836191,1634479836170
0,1634479836280,1634479836280
5,1634479836391,1634479836386
0,1634479836494,1634479836494
16,1634479836615,1634479836599
3,1634479836735,1634479836738
3,1634479836826,1634479836823
11,1634479836942,1634479836931
16,1634479837016,1634479837032
4,1634479837139,1634479837143
17,1634479837273,1634479837256
6,1634479837370,1634479837364
2,1634479837477,1634479837475
5,1634479837590,1634479837585
1,1634479837695,1634479837694
2,1634479837800,1634479837802
11,1634479837898,1634479837909
8,1634479838008,1634479838016
9,1634479838130,1634479838121
8,1634479838244,1634479838236
1,1634479838344,1634479838343
3,1634479838453,1634479838450
5,1634479838557,1634479838562
0,1634479838666,1634479838666
10,1634479838770,1634479838780
11,1634479838874,1634479838885
12,1634479838981,1634479838993
6,1634479839111,1634479839105
8,1634479839205,1634479839213
1,1634479839320,1634479839321
7,1634479839423,1634479839430
3,1634479839542,1634479839539
1,1634479839647,1634479839648
1,1634479839754,1634479839755
1,1634479839864,1634479839863
0,1634479839971,1634479839971
1,1634479840078,1634479840077
5,1634479840178,1634479840183
3,1634479840295,1634479840298
4,1634479840404,1634479840408
4,1634479840521,1634479840517
7,1634479840618,1634479840625
11,1634479840720,1634479840731
1,1634479840837,1634479840838
0,1634479840949,1634479840949
5,1634479841053,1634479841058
3,1634479841174,1634479841171
1,1634479841333,1634479841332
19,1634479841414,1634479841433
4,1634479841538,1634479841542
10,1634479841661,1634479841651
0,1634479841762,1634479841762
4,1634479841874,1634479841870
7,1634479841971,1634479841978
1,1634479842086,1634479842085
1,1634479842193,1634479842194
18,1634479842279,1634479842297
7,1634479842420,1634479842413
7,1634479842525,1634479842518
9,1634479842624,1634479842633
5,1634479842730,1634479842735
9,1634479842842,1634479842851
9,1634479842970,1634479842961
6,1634479843064,1634479843070
4,1634479843176,1634479843180
16,1634479843269,1634479843285
1,1634479843389,1634479843388
9,1634479843492,1634479843501
6,1634479843604,1634479843610
4,1634479843710,1634479843714
5,1634479843823,1634479843828
5,1634479843930,1634479843935
14,1634479844032,1634479844046
2,1634479844157,1634479844155
3,1634479844265,1634479844262
6,1634479844366,1634479844372
1,1634479844472,1634479844473
6,1634479844582,1634479844588
4,1634479844701,1634479844697
10,1634479844797,1634479844807
5,1634479844911,1634479844916
3,1634479845028,1634479845025
4,1634479845135,1634479845131
1,1634479845240,1634479845239
1,1634479845346,1634479845347
4,1634479845458,1634479845454
0,1634479845563,1634479845563
16,1634479845693,1634479845677
4,1634479845784,1634479845780
2,1634479845897,1634479845895
7,1634479845995,1634479846002
19,1634479846128,1634479846109
6,1634479846220,1634479846214
12,1634479846339,1634479846327
6,1634479846443,1634479846437
3,1634479846548,1634479846545
5,1634479846642,1634479846647
1,1634479846762,1634479846761
12,1634479846857,1634479846869
2,1634479846979,1634479846977
2,1634479847082,1634479847084
9,1634479847208,1634479847199
5,1634479847295,1634479847300
11,1634479847419,1634479847408
0,1634479847519,1634479847519
14,1634479847615,1634479847629
5,1634479847727,1634479847732
0,1634479847843,1634479847843
8,1634479847964,1634479847956
2,1634479848063,1634479848065
1,1634479848174,1634479848175
3,1634479848278,1634479848275
5,1634479848387,1634479848392
23,1634479848525,1634479848502
0,1634479848609,1634479848609
3,1634479848722,1634479848719
5,1634479848815,1634479848820
2,1634479848934,1634479848936
5,1634479849038,1634479849043
7,1634479849146,1634479849153
1,1634479849310,1634479849311
6,1634479849417,1634479849411
2,1634479849526,1634479849528
12,1634479849622,1634479849634
2,1634479849746,1634479849744
4,1634479849844,1634479849848
3,1634479849952,1634479849955
12,1634479850059,1634479850071
5,1634479850175,1634479850180
2,1634479850287,1634479850285
13,1634479850410,1634479850397
0,1634479850506,1634479850506
8,1634479850603,1634479850611
11,1634479850729,1634479850718
1,1634479850827,1634479850828
22,1634479850963,1634479850941
7,1634479851038,1634479851045
0,1634479851159,1634479851159
3,1634479851267,1634479851264
5,1634479851366,1634479851371
16,1634479851504,1634479851488
5,1634479851592,1634479851597
6,1634479851698,1634479851704
7,1634479851819,1634479851812
14,1634479851935,1634479851921
11,1634479852042,1634479852031
6,1634479852144,1634479852138
0,1634479852256,1634479852256
8,1634479852367,1634479852359
6,1634479852714,1634479852720
1,1634479852820,1634479852819
0,1634479852933,1634479852933
1,1634479853042,1634479853041
17,1634479853131,1634479853148
2,1634479853257,1634479853259
3,1634479853368,1634479853365
17,1634479853459,1634479853476
3,1634479853588,1634479853585
2,1634479853696,1634479853694
7,1634479853795,1634479853802
0,1634479853912,1634479853912
4,1634479854025,1634479854021
14,1634479854143,1634479854129
13,1634479854218,1634479854231
4,1634479854348,1634479854344
5,1634479854460,1634479854455
2,1634479854564,1634479854562
11,1634479854661,1634479854672
0,1634479854780,1634479854780
16,1634479854871,1634479854887
3,1634479854996,1634479854999
0,1634479855106,1634479855106
4,1634479855223,1634479855219
1,1634479855320,1634479855321
18,1634479855414,1634479855432
6,1634479855552,1634479855546
1,1634479855655,1634479855654
5,1634479855766,1634479855761
4,1634479855874,1634479855870
5,1634479855966,1634479855971
4,1634479856078,1634479856082
6,1634479856202,1634479856196
11,1634479856292,1634479856303
14,1634479856392,1634479856406
8,1634479856513,1634479856521
4,1634479856624,1634479856628
7,1634479856733,1634479856740
6,1634479856854,1634479856848
15,1634479856966,1634479856951
0,1634479857065,1634479857065
0,1634479857173,1634479857173
1,1634479857281,1634479857282
7,1634479857396,1634479857389
10,1634479857487,1634479857497
1,1634479857610,1634479857611
3,1634479857715,1634479857718
5,1634479857823,1634479857828
0,1634479857939,1634479857939
6,1634479858051,1634479858045
1,1634479858155,1634479858154
2,1634479858265,1634479858263
0,1634479858369,1634479858369
11,1634479858469,1634479858480
5,1634479858593,1634479858588
12,1634479858683,1634479858695
3,1634479858807,1634479858804
4,1634479858911,1634479858915
11,1634479859009,1634479859020
14,1634479859119,1634479859133
9,1634479859233,1634479859242
8,1634479859358,1634479859350
10,1634479859467,1634479859457
7,1634479859574,1634479859567
15,1634479859692,1634479859677
1,1634479859782,1634479859783
4,1634479859900,1634479859896
6,1634479859996,1634479860002
3,1634479860114,1634479860117
5,1634479860221,1634479860226
8,1634479860326,1634479860334
3,1634479860434,1634479860437
17,1634479860533,1634479860550
13,1634479860667,1634479860654
8,1634479860761,1634479860769
16,1634479860859,1634479860875
6,1634479860984,1634479860978
5,1634479861086,1634479861091
10,1634479861182,1634479861192
4,1634479861305,1634479861301
14,1634479861426,1634479861412
2,1634479861526,1634479861524
2,1634479861635,1634479861633
4,1634479861738,1634479861734
5,1634479861842,1634479861847
0,1634479861960,1634479861960
7,1634479862061,1634479862068
4,1634479862171,1634479862175
1,1634479862287,1634479862286
4,1634479862384,1634479862388
16,1634479862513,1634479862497
13,1634479862593,1634479862606
17,1634479862734,1634479862717
9,1634479862810,1634479862819
7,1634479862941,1634479862934
3,1634479863036,1634479863039
10,1634479863142,1634479863152
1,1634479863262,1634479863263
0,1634479863372,1634479863372
11,1634479863493,1634479863482
2,1634479863590,1634479863588
0,1634479863699,1634479863699
0,1634479863849,1634479863849
4,1634479863939,1634479863943
6,1634479864059,1634479864053
5,1634479864172,1634479864167
8,1634479864272,1634479864280
5,1634479864384,1634479864379
13,1634479864470,1634479864483
3,1634479864601,1634479864598
10,1634479864698,1634479864708
3,1634479864817,1634479864814
13,1634479864932,1634479864919
15,1634479865014,1634479865029
8,1634479865130,1634479865138
13,1634479865264,1634479865251
12,1634479865376,1634479865364
8,1634479865476,1634479865468
13,1634479865566,1634479865579
7,1634479865686,1634479865693
2,1634479865792,1634479865794
1,1634479865909,1634479865910
17,1634479865998,1634479866015
2,1634479866122,1634479866120
3,1634479866230,1634479866233
2,1634479866336,1634479866338
1,1634479866447,1634479866446
11,1634479866543,1634479866554
4,1634479866659,1634479866663
0,1634479866773,1634479866773
16,1634479866903,1634479866887
11,1634479866987,1634479866998
7,1634479867096,1634479867103
1,1634479867210,1634479867211
9,1634479867315,1634479867324
4,1634479867430,1634479867434
4,1634479867540,1634479867544
2,1634479867651,1634479867649
1,1634479867761,1634479867760
5,1634479867865,1634479867870
7,1634479867970,1634479867977
5,1634479868085,1634479868080
5,1634479868195,1634479868190
2,1634479868298,1634479868300
8,1634479868397,1634479868405
1,1634479868516,1634479868515
0,1634479868622,1634479868622
18,1634479868712,1634479868730
3,1634479868843,1634479868840
6,1634479868943,1634479868949
1,1634479869062,1634479869061
7,1634479869158,1634479869165
4,1634479869279,1634479869275
1,1634479869424,1634479869425
11,1634479869549,1634479869538
14,1634479869637,1634479869651
6,1634479869761,1634479869755
4,1634479869873,1634479869869
17,1634479869957,1634479869974
3,1634479870082,1634479870085
5,1634479870195,1634479870190
4,1634479870308,1634479870304
4,1634479870400,1634479870404
8,1634479870512,1634479870520
2,1634479870626,1634479870628
9,1634479870727,1634479870736
18,1634479871236,1634479871254
3,1634479871358,1634479871355
0,1634479871462,1634479871462
6,1634479871567,1634479871573
3,1634479871678,1634479871681
1,1634479871790,1634479871789
4,1634479871902,1634479871898
10,1634479872005,1634479872015
5,1634479872129,1634479872124
15,1634479872221,1634479872236
10,1634479872334,1634479872344
2,1634479872444,1634479872446
10,1634479872542,1634479872552
7,1634479872671,1634479872664
4,1634479872776,1634479872772
13,1634479872898,1634479872885
3,1634479872987,1634479872990
10,1634479873093,1634479873103
2,1634479873209,1634479873207
2,1634479873311,1634479873313
9,1634479873414,1634479873423
1,1634479873536,1634479873535
3,1634479873651,1634479873648
0,1634479873757,1634479873757
3,1634479873868,1634479873865
1,1634479873974,1634479873973
5,1634479874087,1634479874082
0,1634479874188,1634479874188
7,1634479874310,1634479874303
15,1634479874392,1634479874407
6,1634479874512,1634479874518
2,1634479874627,1634479874625
5,1634479874741,1634479874736
8,1634479874847,1634479874839
5,1634479874955,1634479874950
1,1634479875061,1634479875060
4,1634479875173,1634479875169
6,1634479875269,1634479875275
8,1634479875393,1634479875385
11,1634479875479,1634479875490
8,1634479875595,1634479875603
2,1634479875709,1634479875707
1,1634479875816,1634479875815
3,1634479875930,1634479875927
8,1634479876026,1634479876034
3,1634479876149,1634479876146
2,1634479876249,1634479876251
13,1634479876352,1634479876365
9,1634479876462,1634479876471
13,1634479876598,1634479876585
13,1634479876677,1634479876690
4750,1636650154438,1636650149688
4613,1636650154440,1636650149827
9200,1636650154609,1636650163809
9203,1636650154609,1636650163812
9537,1636650154778,1636650164315
9538,1636650154778,1636650164316
9875,1636650154947,1636650164822
9875,1636650154948,1636650164823
10214,1636650155117,1636650165331
10215,1636650155117,1636650165332
10553,1636650155286,1636650165839
10555,1636650155287,1636650165842
10889,1636650155460,1636650166349
10890,1636650155461,1636650166351
11240,1636650155629,1636650166869
11242,1636650155630,1636650166872
11574,1636650155804,1636650167378
11577,1636650155804,1636650167381
11927,1636650155973,1636650167900
11928,1636650155974,1636650167902
12265,1636650156143,1636650168408
12267,1636650156143,1636650168410
12604,1636650156313,1636650168917
12604,1636650156314,1636650168918
12945,1636650156483,1636650169428
12945,1636650156483,1636650169428
13284,1636650156653,1636650169937
13284,1636650156654,1636650169938
13625,1636650156823,1636650170448
13626,1636650156824,1636650170450
13966,1636650156993,1636650170959
13966,1636650156994,1636650170960
14304,1636650157164,1636650171468
14306,1636650157164,1636650171470
14646,1636650157334,1636650171980
14647,1636650157335,1636650171982
14990,1636650157503,1636650172493
14992,1636650157504,1636650172496
15324,1636650157674,1636650172998
15323,1636650157675,1636650172998
15665,1636650157845,1636650173510
15666,1636650157846,1636650173512
16009,1636650158015,1636650174024
16010,1636650158015,1636650174025
16347,1636650158186,1636650174533
16347,1636650158187,1636650174534
16689,1636650158361,1636650175050
16691,1636650158363,1636650175054
17039,1636650158535,1636650175574
17048,1636650158536,1636650175584
17389,1636650158705,1636650176094
17389,1636650158707,1636650176096
17728,1636650158880,1636650176608
17730,1636650158881,1636650176611
18081,1636650159051,1636650177132
18083,1636650159052,1636650177135
18422,1636650159220,1636650177642
18425,1636650159220,1636650177645
18758,1636650159389,1636650178147
18759,1636650159389,1636650178148
19096,1636650159558,1636650178654
19097,1636650159558,1636650178655
19428,1636650159733,1636650179161
19429,1636650159734,1636650179163
19785,1636650159903,1636650179688
19787,1636650159904,1636650179691
20126,1636650160074,1636650180200
20125,1636650160076,1636650180201
