249,1634487765778,1634487765529
11,1634487765543,1634487765532
11,1634487765660,1634487765649
11,1634487765769,1634487765758
12,1634487765881,1634487765869
11,1634487765986,1634487765975
10,1634487766091,1634487766081
11,1634487766203,1634487766192
10,1634487766310,1634487766300
11,1634487766420,1634487766409
11,1634487766532,1634487766521
11,1634487766641,1634487766630
11,1634487766748,1634487766737
11,1634487766858,1634487766847
11,1634487766965,1634487766954
13,1634487767081,1634487767068
11,1634487767182,1634487767171
11,1634487767291,1634487767280
11,1634487767398,1634487767387
12,1634487767509,1634487767497
11,1634487767614,1634487767603
11,1634487767724,1634487767713
9,1634487767835,1634487767826
11,1634487767942,1634487767931
11,1634487768050,1634487768039
11,1634487768159,1634487768148
11,1634487768266,1634487768255
11,1634487768374,1634487768363
11,1634487768484,1634487768473
11,1634487768592,1634487768581
11,1634487768702,1634487768691
12,1634487768811,1634487768799
11,1634487768920,1634487768909
11,1634487769027,1634487769016
10,1634487769136,1634487769126
11,1634487769243,1634487769232
10,1634487769352,1634487769342
12,1634487769461,1634487769449
11,1634487769568,1634487769557
11,1634487769677,1634487769666
11,1634487769784,1634487769773
11,1634487769893,1634487769882
11,1634487770001,1634487769990
11,1634487770108,1634487770097
11,1634487770218,1634487770207
11,1634487770325,1634487770314
11,1634487770433,1634487770422
12,1634487770542,1634487770530
11,1634487770648,1634487770637
11,1634487770756,1634487770745
11,1634487770865,1634487770854
11,1634487770973,1634487770962
11,1634487771080,1634487771069
11,1634487771191,1634487771180
10,1634487771299,1634487771289
11,1634487771408,1634487771397
11,1634487771517,1634487771506
10,1634487771626,1634487771616
11,1634487771736,1634487771725
10,1634487771842,1634487771832
11,1634487771953,1634487771942
10,1634487772060,1634487772050
10,1634487772168,1634487772158
11,1634487772276,1634487772265
11,1634487772383,1634487772372
11,1634487772493,1634487772482
11,1634487772604,1634487772593
11,1634487772711,1634487772700
11,1634487772819,1634487772808
11,1634487772928,1634487772917
11,1634487773037,1634487773026
11,1634487773146,1634487773135
11,1634487773255,1634487773244
11,1634487773364,1634487773353
11,1634487773470,1634487773459
11,1634487773579,1634487773568
10,1634487773687,1634487773677
11,1634487773796,1634487773785
11,1634487773905,1634487773894
11,1634487774016,1634487774005
11,1634487774125,1634487774114
12,1634487774238,1634487774226
11,1634487774343,1634487774332
11,1634487774453,1634487774442
11,1634487774564,1634487774553
11,1634487774671,1634487774660
11,1634487774780,1634487774769
10,1634487774887,1634487774877
11,1634487774997,1634487774986
11,1634487775107,1634487775096
11,1634487775216,1634487775205
10,1634487775324,1634487775314
10,1634487775434,1634487775424
11,1634487775542,1634487775531
12,1634487775653,1634487775641
11,1634487775761,1634487775750
10,1634487775867,1634487775857
10,1634487775976,1634487775966
11,1634487776087,1634487776076
11,1634487776195,1634487776184
11,1634487776305,1634487776294
10,1634487776414,1634487776404
11,1634487776521,1634487776510
11,1634487776630,1634487776619
11,1634487776739,1634487776728
10,1634487776846,1634487776836
10,1634487776953,1634487776943
11,1634487777066,1634487777055
11,1634487777172,1634487777161
11,1634487777281,1634487777270
11,1634487777390,1634487777379
11,1634487777500,1634487777489
11,1634487777610,1634487777599
11,1634487777718,1634487777707
11,1634487777828,1634487777817
11,1634487777937,1634487777926
10,1634487778045,1634487778035
11,1634487778154,1634487778143
11,1634487778262,1634487778251
11,1634487778372,1634487778361
11,1634487778483,1634487778472
11,1634487778589,1634487778578
10,1634487778698,1634487778688
11,1634487778808,1634487778797
11,1634487778917,1634487778906
11,1634487779028,1634487779017
11,1634487779137,1634487779126
10,1634487779245,1634487779235
11,1634487779355,1634487779344
11,1634487779463,1634487779452
11,1634487779570,1634487779559
11,1634487779678,1634487779667
11,1634487779785,1634487779774
10,1634487779893,1634487779883
10,1634487780000,1634487779990
11,1634487780110,1634487780099
11,1634487780220,1634487780209
11,1634487780329,1634487780318
11,1634487780437,1634487780426
11,1634487780546,1634487780535
11,1634487780654,1634487780643
11,1634487780763,1634487780752
11,1634487780871,1634487780860
11,1634487780978,1634487780967
11,1634487781085,1634487781074
11,1634487781194,1634487781183
10,1634487781301,1634487781291
11,1634487781412,1634487781401
11,1634487781521,1634487781510
11,1634487781629,1634487781618
10,1634487781735,1634487781725
11,1634487781846,1634487781835
11,1634487781954,1634487781943
11,1634487782061,1634487782050
11,1634487782170,1634487782159
11,1634487782279,1634487782268
11,1634487782388,1634487782377
10,1634487782496,1634487782486
11,1634487782604,1634487782593
11,1634487782713,1634487782702
11,1634487782822,1634487782811
10,1634487782931,1634487782921
11,1634487783042,1634487783031
11,1634487783153,1634487783142
11,1634487783261,1634487783250
11,1634487783370,1634487783359
10,1634487783478,1634487783468
11,1634487783588,1634487783577
11,1634487783695,1634487783684
11,1634487783805,1634487783794
11,1634487783912,1634487783901
11,1634487784022,1634487784011
11,1634487784132,1634487784121
11,1634487784241,1634487784230
11,1634487784350,1634487784339
11,1634487784459,1634487784448
11,1634487784567,1634487784556
11,1634487784679,1634487784668
11,1634487784786,1634487784775
11,1634487784895,1634487784884
11,1634487785003,1634487784992
11,1634487785113,1634487785102
11,1634487785221,1634487785210
10,1634487785327,1634487785317
11,1634487785438,1634487785427
11,1634487785545,1634487785534
11,1634487785655,1634487785644
11,1634487785763,1634487785752
11,1634487785872,1634487785861
11,1634487785981,1634487785970
11,1634487786090,1634487786079
11,1634487786199,1634487786188
12,1634487786310,1634487786298
11,1634487786418,1634487786407
11,1634487786526,1634487786515
11,1634487786635,1634487786624
11,1634487786744,1634487786733
12,1634487786854,1634487786842
11,1634487786959,1634487786948
11,1634487787068,1634487787057
11,1634487787173,1634487787162
11,1634487787281,1634487787270
11,1634487787390,1634487787379
12,1634487787501,1634487787489
11,1634487787606,1634487787595
11,1634487787715,1634487787704
10,1634487787822,1634487787812
10,1634487787928,1634487787918
10,1634487788039,1634487788029
11,1634487788148,1634487788137
11,1634487788256,1634487788245
11,1634487788367,1634487788356
10,1634487788475,1634487788465
11,1634487788584,1634487788573
10,1634487788691,1634487788681
11,1634487788802,1634487788791
11,1634487788911,1634487788900
11,1634487789018,1634487789007
11,1634487789127,1634487789116
11,1634487789235,1634487789224
10,1634487789343,1634487789333
11,1634487789455,1634487789444
11,1634487789562,1634487789551
11,1634487789671,1634487789660
11,1634487789778,1634487789767
10,1634487789887,1634487789877
10,1634487789994,1634487789984
10,1634487790102,1634487790092
11,1634487790213,1634487790202
11,1634487790323,1634487790312
11,1634487790431,1634487790420
10,1634487790540,1634487790530
11,1634487790647,1634487790636
11,1634487790758,1634487790747
11,1634487790865,1634487790854
11,1634487790974,1634487790963
11,1634487791082,1634487791071
11,1634487791192,1634487791181
11,1634487791301,1634487791290
11,1634487791410,1634487791399
11,1634487791519,1634487791508
11,1634487791627,1634487791616
10,1634487791736,1634487791726
10,1634487791845,1634487791835
10,1634487791955,1634487791945
11,1634487792065,1634487792054
11,1634487792173,1634487792162
11,1634487792280,1634487792269
11,1634487792389,1634487792378
11,1634487792498,1634487792487
11,1634487792607,1634487792596
11,1634487792718,1634487792707
11,1634487792825,1634487792814
10,1634487792933,1634487792923
10,1634487793042,1634487793032
11,1634487793150,1634487793139
11,1634487793260,1634487793249
11,1634487793369,1634487793358
11,1634487793477,1634487793466
11,1634487793585,1634487793574
10,1634487793693,1634487793683
11,1634487793805,1634487793794
11,1634487793913,1634487793902
11,1634487794022,1634487794011
11,1634487794130,1634487794119
11,1634487794240,1634487794229
11,1634487794348,1634487794337
11,1634487794458,1634487794447
11,1634487794566,1634487794555
10,1634487794673,1634487794663
11,1634487794783,1634487794772
11,1634487794893,1634487794882
10,1634487795001,1634487794991
11,1634487795111,1634487795100
11,1634487795222,1634487795211
11,1634487795330,1634487795319
10,1634487795439,1634487795429
11,1634487795550,1634487795539
11,1634487795659,1634487795648
10,1634487795766,1634487795756
10,1634487795875,1634487795865
11,1634487795985,1634487795974
11,1634487796095,1634487796084
11,1634487796202,1634487796191
11,1634487796310,1634487796299
11,1634487796417,1634487796406
11,1634487796527,1634487796516
11,1634487796636,1634487796625
11,1634487796745,1634487796734
12,1634487796859,1634487796847
11,1634487796966,1634487796955
11,1634487797075,1634487797064
11,1634487797184,1634487797173
11,1634487797294,1634487797283
11,1634487797402,1634487797391
11,1634487797511,1634487797500
11,1634487797619,1634487797608
11,1634487797727,1634487797716
11,1634487797835,1634487797824
9,1634487797940,1634487797931
11,1634487798051,1634487798040
11,1634487798161,1634487798150
11,1634487798273,1634487798262
10,1634487798380,1634487798370
10,1634487798489,1634487798479
11,1634487798599,1634487798588
11,1634487798707,1634487798696
11,1634487798816,1634487798805
10,1634487798923,1634487798913
9,1634487799032,1634487799023
11,1634487799143,1634487799132
10,1634487799250,1634487799240
10,1634487799359,1634487799349
10,1634487799467,1634487799457
10,1634487799577,1634487799567
11,1634487799685,1634487799674
11,1634487799792,1634487799781
11,1634487799900,1634487799889
11,1634487800009,1634487799998
10,1634487800115,1634487800105
11,1634487800225,1634487800214
11,1634487800334,1634487800323
10,1634487800441,1634487800431
10,1634487800552,1634487800542
11,1634487800664,1634487800653
11,1634487800772,1634487800761
10,1634487800880,1634487800870
11,1634487800990,1634487800979
11,1634487801100,1634487801089
11,1634487801207,1634487801196
11,1634487801317,1634487801306
11,1634487801425,1634487801414
11,1634487801535,1634487801524
11,1634487801644,1634487801633
11,1634487801752,1634487801741
11,1634487801862,1634487801851
11,1634487801970,1634487801959
12,1634487802080,1634487802068
11,1634487802186,1634487802175
11,1634487802294,1634487802283
11,1634487802402,1634487802391
11,1634487802510,1634487802499
11,1634487802619,1634487802608
11,1634487802728,1634487802717
11,1634487802837,1634487802826
11,1634487802945,1634487802934
11,1634487803054,1634487803043
11,1634487803163,1634487803152
11,1634487803271,1634487803260
11,1634487803382,1634487803371
10,1634487803488,1634487803478
11,1634487803599,1634487803588
11,1634487803706,1634487803695
11,1634487803814,1634487803803
11,1634487803921,1634487803910
11,1634487804030,1634487804019
11,1634487804139,1634487804128
11,1634487804248,1634487804237
11,1634487804356,1634487804345
11,1634487804464,1634487804453
11,1634487804573,1634487804562
12,1634487804683,1634487804671
11,1634487804791,1634487804780
11,1634487804901,1634487804890
11,1634487805010,1634487804999
10,1634487805116,1634487805106
11,1634487805225,1634487805214
11,1634487805334,1634487805323
11,1634487805444,1634487805433
11,1634487805553,1634487805542
11,1634487805659,1634487805648
11,1634487805770,1634487805759
11,1634487805879,1634487805868
11,1634487805988,1634487805977
11,1634487806096,1634487806085
10,1634487806203,1634487806193
10,1634487806312,1634487806302
10,1634487806421,1634487806411
10,1634487806529,1634487806519
11,1634487806641,1634487806630
11,1634487806749,1634487806738
11,1634487806858,1634487806847
11,1634487806967,1634487806956
11,1634487807079,1634487807068
11,1634487807186,1634487807175
11,1634487807294,1634487807283
11,1634487807402,1634487807391
11,1634487807510,1634487807499
11,1634487807619,1634487807608
10,1634487807725,1634487807715
10,1634487807833,1634487807823
11,1634487807943,1634487807932
10,1634487808051,1634487808041
10,1634487808158,1634487808148
12,1634487808274,1634487808262
11,1634487808379,1634487808368
12,1634487808489,1634487808477
11,1634487808595,1634487808584
11,1634487808704,1634487808693
11,1634487808812,1634487808801
11,1634487808922,1634487808911
11,1634487809031,1634487809020
11,1634487809137,1634487809126
11,1634487809246,1634487809235
10,1634487809353,1634487809343
10,1634487809463,1634487809453
10,1634487809571,1634487809561
11,1634487809680,1634487809669
12,1634487809790,1634487809778
12,1634487809901,1634487809889
11,1634487810006,1634487809995
11,1634487810116,1634487810105
11,1634487810226,1634487810215
10,1634487810332,1634487810322
10,1634487810440,1634487810430
11,1634487810549,1634487810538
11,1634487810657,1634487810646
11,1634487810765,1634487810754
10,1634487810874,1634487810864
11,1634487810983,1634487810972
11,1634487811092,1634487811081
11,1634487811201,1634487811190
11,1634487811309,1634487811298
10,1634487811417,1634487811407
11,1634487811528,1634487811517
11,1634487811635,1634487811624
11,1634487811745,1634487811734
11,1634487811854,1634487811843
11,1634487811964,1634487811953
11,1634487812072,1634487812061
11,1634487812179,1634487812168
11,1634487812289,1634487812278
11,1634487812398,1634487812387
11,1634487812508,1634487812497
10,1634487812613,1634487812603
11,1634487812725,1634487812714
10,1634487812831,1634487812821
10,1634487812942,1634487812932
10,1634487813049,1634487813039
10,1634487813158,1634487813148
11,1634487813267,1634487813256
10,1634487813375,1634487813365
11,1634487813485,1634487813474
11,1634487813593,1634487813582
11,1634487813701,1634487813690
11,1634487813809,1634487813798
11,1634487813918,1634487813907
11,1634487814026,1634487814015
10,1634487814134,1634487814124
10,1634487814244,1634487814234
11,1634487814357,1634487814346
10,1634487814462,1634487814452
10,1634487814572,1634487814562
10,1634487814681,1634487814671
11,1634487814789,1634487814778
10,1634487814896,1634487814886
11,1634487815006,1634487814995
11,1634487815117,1634487815106
10,1634487815224,1634487815214
10,1634487815334,1634487815324
10,1634487815442,1634487815432
10,1634487815552,1634487815542
10,1634487815661,1634487815651
11,1634487815771,1634487815760
11,1634487815881,1634487815870
11,1634487815988,1634487815977
10,1634487816095,1634487816085
11,1634487816205,1634487816194
10,1634487816313,1634487816303
10,1634487816423,1634487816413
10,1634487816532,1634487816522
11,1634487816641,1634487816630
11,1634487816749,1634487816738
10,1634487816857,1634487816847
11,1634487816966,1634487816955
10,1634487817075,1634487817065
10,1634487817185,1634487817175
10,1634487817294,1634487817284
11,1634487817405,1634487817394
11,1634487817510,1634487817499
11,1634487817621,1634487817610
10,1634487817728,1634487817718
11,1634487817840,1634487817829
11,1634487817948,1634487817937
11,1634487818056,1634487818045
11,1634487818166,1634487818155
11,1634487818274,1634487818263
11,1634487818382,1634487818371
11,1634487818490,1634487818479
10,1634487818598,1634487818588
11,1634487818709,1634487818698
11,1634487818818,1634487818807
10,1634487818926,1634487818916
11,1634487819036,1634487819025
11,1634487819144,1634487819133
10,1634487819251,1634487819241
11,1634487819360,1634487819349
11,1634487819471,1634487819460
11,1634487819579,1634487819568
11,1634487819689,1634487819678
11,1634487819799,1634487819788
11,1634487819906,1634487819895
10,1634487820014,1634487820004
11,1634487820123,1634487820112
11,1634487820230,1634487820219
11,1634487820338,1634487820327
11,1634487820448,1634487820437
10,1634487820552,1634487820542
12,1634487820667,1634487820655
11,1634487820774,1634487820763
12,1634487820885,1634487820873
11,1634487820991,1634487820980
11,1634487821098,1634487821087
10,1634487821205,1634487821195
11,1634487821316,1634487821305
11,1634487821424,1634487821413
11,1634487821532,1634487821521
10,1634487821640,1634487821630
11,1634487821749,1634487821738
10,1634487821856,1634487821846
11,1634487821965,1634487821954
10,1634487822073,1634487822063
11,1634487822182,1634487822171
11,1634487822292,1634487822281
11,1634487822398,1634487822387
11,1634487822507,1634487822496
11,1634487822616,1634487822605
10,1634487822722,1634487822712
11,1634487822833,1634487822822
11,1634487822940,1634487822929
10,1634487823046,1634487823036
10,1634487823155,1634487823145
11,1634487823265,1634487823254
11,1634487823373,1634487823362
11,1634487823482,1634487823471
11,1634487823588,1634487823577
10,1634487823697,1634487823687
10,1634487823807,1634487823797
11,1634487823915,1634487823904
11,1634487824023,1634487824012
11,1634487824131,1634487824120
11,1634487824238,1634487824227
11,1634487824347,1634487824336
10,1634487824454,1634487824444
11,1634487824566,1634487824555
10,1634487824674,1634487824664
11,1634487824783,1634487824772
11,1634487824892,1634487824881
11,1634487825000,1634487824989
11,1634487825109,1634487825098
11,1634487825218,1634487825207
11,1634487825325,1634487825314
11,1634487825433,1634487825422
11,1634487825542,1634487825531
11,1634487825650,1634487825639
11,1634487825759,1634487825748
10,1634487825866,1634487825856
11,1634487825975,1634487825964
10,1634487826083,1634487826073
10,1634487826194,1634487826184
10,1634487826300,1634487826290
10,1634487826408,1634487826398
10,1634487826517,1634487826507
10,1634487826627,1634487826617
10,1634487826736,1634487826726
10,1634487826844,1634487826834
11,1634487826955,1634487826944
10,1634487827062,1634487827052
11,1634487827172,1634487827161
10,1634487827280,1634487827270
10,1634487827389,1634487827379
10,1634487827497,1634487827487
11,1634487827605,1634487827594
10,1634487827712,1634487827702
12,1634487827824,1634487827812
11,1634487827930,1634487827919
10,1634487828035,1634487828025
10,1634487828144,1634487828134
10,1634487828252,1634487828242
10,1634487828362,1634487828352
10,1634487828470,1634487828460
10,1634487828580,1634487828570
10,1634487828692,1634487828682
10,1634487828799,1634487828789
10,1634487828909,1634487828899
10,1634487829019,1634487829009
10,1634487829129,1634487829119
10,1634487829236,1634487829226
10,1634487829343,1634487829333
10,1634487829452,1634487829442
10,1634487829561,1634487829551
10,1634487829669,1634487829659
10,1634487829778,1634487829768
11,1634487829888,1634487829877
10,1634487829994,1634487829984
10,1634487830104,1634487830094
11,1634487830215,1634487830204
10,1634487830323,1634487830313
10,1634487830431,1634487830421
11,1634487830539,1634487830528
10,1634487830646,1634487830636
10,1634487830755,1634487830745
10,1634487830864,1634487830854
10,1634487830973,1634487830963
10,1634487831081,1634487831071
11,1634487831190,1634487831179
10,1634487831296,1634487831286
11,1634487831405,1634487831394
11,1634487831514,1634487831503
11,1634487831623,1634487831612
10,1634487831729,1634487831719
10,1634487831837,1634487831827
11,1634487831946,1634487831935
10,1634487832053,1634487832043
11,1634487832162,1634487832151
10,1634487832269,1634487832259
11,1634487832379,1634487832368
10,1634487832487,1634487832477
10,1634487832596,1634487832586
11,1634487832708,1634487832697
10,1634487832812,1634487832802
10,1634487832921,1634487832911
10,1634487833030,1634487833020
10,1634487833138,1634487833128
10,1634487833247,1634487833237
11,1634487833359,1634487833348
10,1634487833466,1634487833456
10,1634487833574,1634487833564
10,1634487833685,1634487833675
10,1634487833793,1634487833783
11,1634487833904,1634487833893
11,1634487834014,1634487834003
10,1634487834121,1634487834111
10,1634487834229,1634487834219
10,1634487834338,1634487834328
10,1634487834448,1634487834438
11,1634487834557,1634487834546
11,1634487834665,1634487834654
11,1634487834772,1634487834761
14,1634487834891,1634487834877
11,1634487834994,1634487834983
11,1634487835100,1634487835089
10,1634487835206,1634487835196
11,1634487835317,1634487835306
10,1634487835425,1634487835415
10,1634487835533,1634487835523
10,1634487835641,1634487835631
11,1634487835749,1634487835738
11,1634487835858,1634487835847
11,1634487835968,1634487835957
10,1634487836074,1634487836064
10,1634487836183,1634487836173
10,1634487836291,1634487836281
11,1634487836399,1634487836388
11,1634487836508,1634487836497
10,1634487836614,1634487836604
10,1634487836722,1634487836712
10,1634487836830,1634487836820
9,1634487836938,1634487836929
10,1634487837048,1634487837038
11,1634487837158,1634487837147
11,1634487837266,1634487837255
10,1634487837373,1634487837363
11,1634487837482,1634487837471
10,1634487837589,1634487837579
11,1634487837700,1634487837689
10,1634487837806,1634487837796
11,1634487837916,1634487837905
10,1634487838023,1634487838013
11,1634487838133,1634487838122
11,1634487838240,1634487838229
10,1634487838348,1634487838338
11,1634487838456,1634487838445
10,1634487838564,1634487838554
10,1634487838672,1634487838662
11,1634487838782,1634487838771
10,1634487838888,1634487838878
12,1634487839000,1634487838988
10,1634487839106,1634487839096
11,1634487839218,1634487839207
10,1634487839323,1634487839313
11,1634487839433,1634487839422
10,1634487839540,1634487839530
10,1634487839651,1634487839641
11,1634487839759,1634487839748
10,1634487839867,1634487839857
11,1634487839974,1634487839963
11,1634487840083,1634487840072
10,1634487840190,1634487840180
10,1634487840302,1634487840292
11,1634487840410,1634487840399
10,1634487840519,1634487840509
11,1634487840628,1634487840617
10,1634487840734,1634487840724
10,1634487840842,1634487840832
10,1634487840952,1634487840942
11,1634487841061,1634487841050
11,1634487841169,1634487841158
11,1634487841279,1634487841268
11,1634487841387,1634487841376
11,1634487841494,1634487841483
11,1634487841602,1634487841591
11,1634487841714,1634487841703
9,1634487841817,1634487841808
11,1634487841931,1634487841920
10,1634487842037,1634487842027
11,1634487842149,1634487842138
11,1634487842255,1634487842244
11,1634487842365,1634487842354
11,1634487842472,1634487842461
11,1634487842580,1634487842569
11,1634487842689,1634487842678
11,1634487842798,1634487842787
10,1634487842906,1634487842896
11,1634487843014,1634487843003
11,1634487843122,1634487843111
11,1634487843230,1634487843219
11,1634487843338,1634487843327
11,1634487843447,1634487843436
11,1634487843554,1634487843543
11,1634487843662,1634487843651
11,1634487843772,1634487843761
10,1634487843881,1634487843871
10,1634487843989,1634487843979
11,1634487844097,1634487844086
10,1634487844206,1634487844196
11,1634487844315,1634487844304
20,1634487844453,1634487844433
11,1634487844533,1634487844522
10,1634487844641,1634487844631
11,1634487844749,1634487844738
11,1634487844859,1634487844848
11,1634487844968,1634487844957
11,1634487845079,1634487845068
10,1634487845185,1634487845175
11,1634487845296,1634487845285
11,1634487845403,1634487845392
11,1634487845512,1634487845501
10,1634487845619,1634487845609
10,1634487845727,1634487845717
10,1634487845834,1634487845824
11,1634487845944,1634487845933
11,1634487846051,1634487846040
12,1634487846164,1634487846152
10,1634487846272,1634487846262
11,1634487846381,1634487846370
11,1634487846490,1634487846479
12,1634487846599,1634487846587
10,1634487846705,1634487846695
10,1634487846812,1634487846802
10,1634487846923,1634487846913
10,1634487847033,1634487847023
11,1634487847143,1634487847132
10,1634487847249,1634487847239
12,1634487847360,1634487847348
10,1634487847465,1634487847455
10,1634487847570,1634487847560
11,1634487847681,1634487847670
10,1634487847790,1634487847780
11,1634487847900,1634487847889
11,1634487848009,1634487847998
11,1634487848119,1634487848108
11,1634487848229,1634487848218
10,1634487848335,1634487848325
12,1634487848446,1634487848434
11,1634487848553,1634487848542
11,1634487848661,1634487848650
10,1634487848768,1634487848758
11,1634487848877,1634487848866
10,1634487848985,1634487848975
11,1634487849092,1634487849081
11,1634487849199,1634487849188
11,1634487849309,1634487849298
10,1634487849417,1634487849407
11,1634487849527,1634487849516
11,1634487849634,1634487849623
10,1634487849740,1634487849730
10,1634487849850,1634487849840
11,1634487849960,1634487849949
11,1634487850069,1634487850058
11,1634487850177,1634487850166
10,1634487850318,1634487850308
10,1634487850422,1634487850412
10,1634487850531,1634487850521
11,1634487850642,1634487850631
11,1634487850749,1634487850738
11,1634487850859,1634487850848
10,1634487850966,1634487850956
12,1634487851079,1634487851067
10,1634487851185,1634487851175
12,1634487851295,1634487851283
10,1634487851400,1634487851390
10,1634487851507,1634487851497
10,1634487851619,1634487851609
12,1634487851730,1634487851718
11,1634487851835,1634487851824
12,1634487851945,1634487851933
10,1634487852049,1634487852039
11,1634487852162,1634487852151
10,1634487852266,1634487852256
10,1634487852376,1634487852366
11,1634487852488,1634487852477
10,1634487852591,1634487852581
10,1634487852700,1634487852690
10,1634487852809,1634487852799
11,1634487852920,1634487852909
10,1634487853027,1634487853017
10,1634487853137,1634487853127
11,1634487853246,1634487853235
10,1634487853353,1634487853343
11,1634487853460,1634487853449
12,1634487853575,1634487853563
11,1634487853679,1634487853668
11,1634487853786,1634487853775
10,1634487853891,1634487853881
10,1634487853999,1634487853989
10,1634487854109,1634487854099
10,1634487854220,1634487854210
10,1634487854329,1634487854319
11,1634487854437,1634487854426
10,1634487854544,1634487854534
11,1634487854655,1634487854644
10,1634487854761,1634487854751
10,1634487854871,1634487854861
10,1634487854976,1634487854966
11,1634487855085,1634487855074
10,1634487855191,1634487855181
11,1634487855300,1634487855289
10,1634487855405,1634487855395
10,1634487855513,1634487855503
10,1634487855622,1634487855612
10,1634487855731,1634487855721
10,1634487855839,1634487855829
10,1634487855956,1634487855946
11,1634487856060,1634487856049
12,1634487856171,1634487856159
11,1634487856276,1634487856265
11,1634487856387,1634487856376
10,1634487856492,1634487856482
11,1634487856603,1634487856592
10,1634487856710,1634487856700
10,1634487856820,1634487856810
10,1634487856927,1634487856917
12,1634487857040,1634487857028
10,1634487857147,1634487857137
11,1634487857255,1634487857244
10,1634487857363,1634487857353
10,1634487857472,1634487857462
11,1634487857582,1634487857571
11,1634487857688,1634487857677
11,1634487857799,1634487857788
11,1634487857906,1634487857895
11,1634487858014,1634487858003
11,1634487858123,1634487858112
11,1634487858231,1634487858220
11,1634487858340,1634487858329
11,1634487858448,1634487858437
11,1634487858555,1634487858544
11,1634487858664,1634487858653
10,1634487858772,1634487858762
10,1634487858879,1634487858869
11,1634487858991,1634487858980
10,1634487859092,1634487859082
11,1634487859204,1634487859193
11,1634487859312,1634487859301
10,1634487859421,1634487859411
11,1634487859530,1634487859519
10,1634487859635,1634487859625
11,1634487859748,1634487859737
10,1634487859855,1634487859845
11,1634487859966,1634487859955
10,1634487860074,1634487860064
11,1634487860185,1634487860174
11,1634487860291,1634487860280
10,1634487860396,1634487860386
11,1634487860506,1634487860495
12,1634487860615,1634487860603
11,1634487860722,1634487860711
10,1634487860831,1634487860821
11,1634487860939,1634487860928
11,1634487861050,1634487861039
10,1634487861157,1634487861147
11,1634487861266,1634487861255
10,1634487861374,1634487861364
11,1634487861485,1634487861474
11,1634487861593,1634487861582
12,1634487861707,1634487861695
10,1634487861809,1634487861799
11,1634487861919,1634487861908
11,1634487862028,1634487862017
11,1634487862136,1634487862125
10,1634487862243,1634487862233
10,1634487862351,1634487862341
11,1634487862459,1634487862448
11,1634487862570,1634487862559
12,1634487862679,1634487862667
10,1634487862784,1634487862774
10,1634487862890,1634487862880
9,1634487862997,1634487862988
10,1634487863106,1634487863096
10,1634487863217,1634487863207
11,1634487863330,1634487863319
11,1634487863436,1634487863425
11,1634487863546,1634487863535
11,1634487863654,1634487863643
11,1634487863763,1634487863752
10,1634487863870,1634487863860
11,1634487863979,1634487863968
11,1634487864089,1634487864078
11,1634487864196,1634487864185
11,1634487864302,1634487864291
11,1634487864410,1634487864399
12,1634487864522,1634487864510
11,1634487864627,1634487864616
11,1634487864735,1634487864724
10,1634487864842,1634487864832
11,1634487864951,1634487864940
11,1634487865061,1634487865050
12,1634487865169,1634487865157
11,1634487865275,1634487865264
12,1634487865385,1634487865373
11,1634487865492,1634487865481
10,1634487865599,1634487865589
11,1634487865709,1634487865698
11,1634487865816,1634487865805
11,1634487865926,1634487865915
11,1634487866034,1634487866023
11,1634487866142,1634487866131
11,1634487866249,1634487866238
10,1634487866357,1634487866347
10,1634487866462,1634487866452
10,1634487866571,1634487866561
11,1634487866679,1634487866668
11,1634487866789,1634487866778
11,1634487866896,1634487866885
11,1634487867003,1634487866992
11,1634487867112,1634487867101
11,1634487867220,1634487867209
12,1634487867331,1634487867319
11,1634487867438,1634487867427
11,1634487867546,1634487867535
11,1634487867653,1634487867642
10,1634487867760,1634487867750
10,1634487867870,1634487867860
11,1634487867978,1634487867967
11,1634487868088,1634487868077
11,1634487868197,1634487868186
11,1634487868307,1634487868296
10,1634487868415,1634487868405
11,1634487868524,1634487868513
11,1634487868635,1634487868624
10,1634487868739,1634487868729
13,1634487868853,1634487868840
11,1634487868958,1634487868947
11,1634487869065,1634487869054
11,1634487869175,1634487869164
11,1634487869283,1634487869272
11,1634487869393,1634487869382
11,1634487869501,1634487869490
11,1634487869610,1634487869599
11,1634487869717,1634487869706
11,1634487869826,1634487869815
11,1634487869932,1634487869921
10,1634487870040,1634487870030
11,1634487870148,1634487870137
11,1634487870259,1634487870248
11,1634487870369,1634487870358
10,1634487870477,1634487870467
10,1634487870586,1634487870576
11,1634487870695,1634487870684
11,1634487870803,1634487870792
11,1634487870911,1634487870900
11,1634487871022,1634487871011
11,1634487871128,1634487871117
11,1634487871238,1634487871227
11,1634487871344,1634487871333
11,1634487871454,1634487871443
10,1634487871562,1634487871552
12,1634487871673,1634487871661
11,1634487871777,1634487871766
11,1634487871887,1634487871876
11,1634487871996,1634487871985
11,1634487872103,1634487872092
10,1634487872209,1634487872199
11,1634487872319,1634487872308
10,1634487872426,1634487872416
11,1634487872536,1634487872525
11,1634487872643,1634487872632
11,1634487872751,1634487872740
11,1634487872858,1634487872847
10,1634487872966,1634487872956
10,1634487873074,1634487873064
11,1634487873184,1634487873173
11,1634487873291,1634487873280
11,1634487873401,1634487873390
10,1634487873504,1634487873494
10,1634487873615,1634487873605
12,1634487873728,1634487873716
11,1634487873837,1634487873826
11,1634487873944,1634487873933
11,1634487874055,1634487874044
10,1634487874159,1634487874149
11,1634487874272,1634487874261
10,1634487874379,1634487874369
11,1634487874490,1634487874479
10,1634487874597,1634487874587
10,1634487874704,1634487874694
10,1634487874814,1634487874804
10,1634487874921,1634487874911
9,1634487875029,1634487875020
10,1634487875138,1634487875128
10,1634487875248,1634487875238
10,1634487875356,1634487875346
10,1634487875464,1634487875454
10,1634487875573,1634487875563
9,1634487875679,1634487875670
10,1634487875788,1634487875778
10,1634487875899,1634487875889
10,1634487876005,1634487875995
10,1634487876115,1634487876105
10,1634487876222,1634487876212
11,1634487876335,1634487876324
10,1634487876441,1634487876431
10,1634487876551,1634487876541
11,1634487876663,1634487876652
10,1634487876769,1634487876759
10,1634487876880,1634487876870
11,1634487876990,1634487876979
10,1634487877097,1634487877087
10,1634487877205,1634487877195
11,1634487877314,1634487877303
10,1634487877420,1634487877410
11,1634487877529,1634487877518
11,1634487877639,1634487877628
11,1634487877745,1634487877734
11,1634487877856,1634487877845
11,1634487877965,1634487877954
10,1634487878071,1634487878061
10,1634487878180,1634487878170
11,1634487878291,1634487878280
11,1634487878398,1634487878387
10,1634487878509,1634487878499
10,1634487878619,1634487878609
11,1634487878728,1634487878717
11,1634487878836,1634487878825
10,1634487878942,1634487878932
11,1634487879055,1634487879044
11,1634487879164,1634487879153
11,1634487879271,1634487879260
11,1634487879379,1634487879368
11,1634487879488,1634487879477
11,1634487879596,1634487879585
10,1634487879703,1634487879693
11,1634487879814,1634487879803
11,1634487879923,1634487879912
10,1634487880030,1634487880020
10,1634487880138,1634487880128
11,1634487880248,1634487880237
10,1634487880356,1634487880346
10,1634487880464,1634487880454
10,1634487880573,1634487880563
11,1634487880685,1634487880674
10,1634487880792,1634487880782
11,1634487880904,1634487880893
10,1634487881009,1634487880999
10,1634487881117,1634487881107
10,1634487881226,1634487881216
9,1634487881333,1634487881324
10,1634487881446,1634487881436
10,1634487881555,1634487881545
10,1634487881663,1634487881653
10,1634487881772,1634487881762
11,1634487881881,1634487881870
10,1634487881989,1634487881979
11,1634487882099,1634487882088
11,1634487882208,1634487882197
11,1634487882316,1634487882305
10,1634487882425,1634487882415
10,1634487882533,1634487882523
11,1634487882643,1634487882632
10,1634487882751,1634487882741
10,1634487882860,1634487882850
10,1634487882969,1634487882959
11,1634487883078,1634487883067
11,1634487883187,1634487883176
11,1634487883298,1634487883287
10,1634487883403,1634487883393
10,1634487883511,1634487883501
10,1634487883619,1634487883609
11,1634487883730,1634487883719
10,1634487883837,1634487883827
11,1634487883946,1634487883935
10,1634487884053,1634487884043
10,1634487884161,1634487884151
10,1634487884270,1634487884260
10,1634487884377,1634487884367
10,1634487884487,1634487884477
10,1634487884595,1634487884585
11,1634487884707,1634487884696
10,1634487884814,1634487884804
11,1634487884924,1634487884913
11,1634487885032,1634487885021
11,1634487885141,1634487885130
10,1634487885250,1634487885240
10,1634487885359,1634487885349
10,1634487885469,1634487885459
10,1634487885577,1634487885567
11,1634487885688,1634487885677
10,1634487885795,1634487885785
10,1634487885902,1634487885892
11,1634487886012,1634487886001
10,1634487886119,1634487886109
10,1634487886227,1634487886217
11,1634487886336,1634487886325
11,1634487886443,1634487886432
11,1634487886553,1634487886542
11,1634487886660,1634487886649
10,1634487886767,1634487886757
11,1634487886880,1634487886869
10,1634487886988,1634487886978
11,1634487887095,1634487887084
10,1634487887202,1634487887192
11,1634487887310,1634487887299
11,1634487887419,1634487887408
11,1634487887527,1634487887516
11,1634487887636,1634487887625
11,1634487887747,1634487887736
11,1634487887855,1634487887844
10,1634487887962,1634487887952
11,1634487888070,1634487888059
11,1634487888181,1634487888170
11,1634487888289,1634487888278
11,1634487888399,1634487888388
11,1634487888507,1634487888496
11,1634487888615,1634487888604
10,1634487888722,1634487888712
10,1634487888831,1634487888821
11,1634487888940,1634487888929
10,1634487889046,1634487889036
11,1634487889157,1634487889146
11,1634487889266,1634487889255
10,1634487889373,1634487889363
10,1634487889484,1634487889474
11,1634487889596,1634487889585
11,1634487889704,1634487889693
10,1634487889810,1634487889800
11,1634487889919,1634487889908
11,1634487890026,1634487890015
10,1634487890135,1634487890125
10,1634487890243,1634487890233
10,1634487890352,1634487890342
10,1634487890461,1634487890451
10,1634487890569,1634487890559
11,1634487890678,1634487890667
10,1634487890786,1634487890776
11,1634487890894,1634487890883
12,1634487891006,1634487890994
10,1634487891111,1634487891101
11,1634487891222,1634487891211
11,1634487891329,1634487891318
10,1634487891436,1634487891426
11,1634487891543,1634487891532
11,1634487891652,1634487891641
11,1634487891762,1634487891751
10,1634487891872,1634487891862
10,1634487891980,1634487891970
11,1634487892091,1634487892080
11,1634487892199,1634487892188
10,1634487892306,1634487892296
11,1634487892415,1634487892404
10,1634487892522,1634487892512
11,1634487892629,1634487892618
10,1634487892739,1634487892729
11,1634487892850,1634487892839
11,1634487892957,1634487892946
10,1634487893065,1634487893055
11,1634487893173,1634487893162
11,1634487893285,1634487893274
10,1634487893392,1634487893382
11,1634487893502,1634487893491
10,1634487893610,1634487893600
10,1634487893718,1634487893708
11,1634487893827,1634487893816
11,1634487893936,1634487893925
11,1634487894046,1634487894035
11,1634487894152,1634487894141
11,1634487894262,1634487894251
11,1634487894371,1634487894360
10,1634487894479,1634487894469
11,1634487894589,1634487894578
11,1634487894699,1634487894688
10,1634487894804,1634487894794
10,1634487894912,1634487894902
11,1634487895022,1634487895011
11,1634487895132,1634487895121
11,1634487895240,1634487895229
11,1634487895349,1634487895338
11,1634487895457,1634487895446
11,1634487895565,1634487895554
10,1634487895670,1634487895660
11,1634487895782,1634487895771
11,1634487895890,1634487895879
10,1634487895998,1634487895988
10,1634487896107,1634487896097
11,1634487896215,1634487896204
10,1634487896323,1634487896313
11,1634487896430,1634487896419
10,1634487896540,1634487896530
11,1634487896649,1634487896638
12,1634487896760,1634487896748
11,1634487896866,1634487896855
11,1634487896974,1634487896963
10,1634487897083,1634487897073
10,1634487897190,1634487897180
11,1634487897299,1634487897288
11,1634487897407,1634487897396
11,1634487897517,1634487897506
11,1634487897625,1634487897614
11,1634487897732,1634487897721
11,1634487897840,1634487897829
11,1634487897950,1634487897939
10,1634487898060,1634487898050
11,1634487898170,1634487898159
11,1634487898276,1634487898265
11,1634487898386,1634487898375
11,1634487898495,1634487898484
10,1634487898602,1634487898592
12,1634487898715,1634487898703
10,1634487898822,1634487898812
11,1634487898931,1634487898920
10,1634487899039,1634487899029
11,1634487899148,1634487899137
11,1634487899256,1634487899245
10,1634487899365,1634487899355
11,1634487899473,1634487899462
10,1634487899581,1634487899571
11,1634487899690,1634487899679
10,1634487899797,1634487899787
11,1634487899905,1634487899894
11,1634487900013,1634487900002
11,1634487900120,1634487900109
11,1634487900229,1634487900218
10,1634487900336,1634487900326
11,1634487900444,1634487900433
10,1634487900551,1634487900541
10,1634487900657,1634487900647
12,1634487900771,1634487900759
10,1634487900878,1634487900868
11,1634487900987,1634487900976
11,1634487901095,1634487901084
11,1634487901203,1634487901192
11,1634487901310,1634487901299
11,1634487901419,1634487901408
10,1634487901527,1634487901517
11,1634487901636,1634487901625
11,1634487901745,1634487901734
11,1634487901853,1634487901842
10,1634487901962,1634487901952
10,1634487902070,1634487902060
10,1634487902179,1634487902169
10,1634487902288,1634487902278
10,1634487902397,1634487902387
11,1634487902505,1634487902494
11,1634487902617,1634487902606
11,1634487902723,1634487902712
10,1634487902831,1634487902821
10,1634487902939,1634487902929
10,1634487903048,1634487903038
10,1634487903156,1634487903146
11,1634487903266,1634487903255
11,1634487903375,1634487903364
11,1634487903484,1634487903473
10,1634487903591,1634487903581
11,1634487903701,1634487903690
10,1634487903809,1634487903799
11,1634487903917,1634487903906
11,1634487904029,1634487904018
10,1634487904136,1634487904126
10,1634487904244,1634487904234
10,1634487904354,1634487904344
10,1634487904463,1634487904453
11,1634487904571,1634487904560
10,1634487904679,1634487904669
10,1634487904788,1634487904778
11,1634487904897,1634487904886
11,1634487905006,1634487904995
11,1634487905113,1634487905102
10,1634487905221,1634487905211
10,1634487905329,1634487905319
10,1634487905439,1634487905429
11,1634487905548,1634487905537
10,1634487905655,1634487905645
11,1634487905764,1634487905753
11,1634487905873,1634487905862
10,1634487905980,1634487905970
10,1634487906088,1634487906078
11,1634487906197,1634487906186
11,1634487906307,1634487906296
11,1634487906415,1634487906404
11,1634487906524,1634487906513
10,1634487906632,1634487906622
10,1634487906740,1634487906730
11,1634487906849,1634487906838
10,1634487906957,1634487906947
10,1634487907065,1634487907055
10,1634487907172,1634487907162
10,1634487907280,1634487907270
11,1634487907389,1634487907378
11,1634487907498,1634487907487
10,1634487907607,1634487907597
10,1634487907717,1634487907707
10,1634487907824,1634487907814
11,1634487907932,1634487907921
10,1634487908041,1634487908031
10,1634487908147,1634487908137
10,1634487908257,1634487908247
10,1634487908367,1634487908357
10,1634487908476,1634487908466
11,1634487908585,1634487908574
11,1634487908693,1634487908682
11,1634487908802,1634487908791
11,1634487908912,1634487908901
10,1634487909020,1634487909010
11,1634487909128,1634487909117
11,1634487909239,1634487909228
10,1634487909345,1634487909335
10,1634487909453,1634487909443
10,1634487909561,1634487909551
11,1634487909669,1634487909658
10,1634487909779,1634487909769
10,1634487909887,1634487909877
11,1634487909998,1634487909987
11,1634487910107,1634487910096
11,1634487910215,1634487910204
10,1634487910324,1634487910314
11,1634487910434,1634487910423
11,1634487910543,1634487910532
10,1634487910652,1634487910642
10,1634487910761,1634487910751
10,1634487910868,1634487910858
11,1634487910978,1634487910967
11,1634487911087,1634487911076
11,1634487911195,1634487911184
10,1634487911305,1634487911295
11,1634487911414,1634487911403
10,1634487911520,1634487911510
10,1634487911628,1634487911618
11,1634487911735,1634487911724
10,1634487911845,1634487911835
10,1634487911952,1634487911942
10,1634487912062,1634487912052
11,1634487912171,1634487912160
10,1634487912279,1634487912269
10,1634487912388,1634487912378
11,1634487912497,1634487912486
11,1634487912605,1634487912594
11,1634487912714,1634487912703
11,1634487912824,1634487912813
11,1634487912932,1634487912921
11,1634487913043,1634487913032
11,1634487913151,1634487913140
10,1634487913259,1634487913249
11,1634487913369,1634487913358
11,1634487913478,1634487913467
10,1634487913587,1634487913577
11,1634487913695,1634487913684
11,1634487913802,1634487913791
11,1634487913911,1634487913900
11,1634487914019,1634487914008
11,1634487914129,1634487914118
11,1634487914240,1634487914229
10,1634487914347,1634487914337
10,1634487914455,1634487914445
11,1634487914565,1634487914554
10,1634487914672,1634487914662
11,1634487914781,1634487914770
10,1634487914889,1634487914879
11,1634487914999,1634487914988
10,1634487915105,1634487915095
10,1634487915215,1634487915205
11,1634487915325,1634487915314
11,1634487915433,1634487915422
10,1634487915540,1634487915530
11,1634487915650,1634487915639
11,1634487915759,1634487915748
11,1634487915868,1634487915857
10,1634487915977,1634487915967
11,1634487916086,1634487916075
10,1634487916194,1634487916184
11,1634487916304,1634487916293
10,1634487916411,1634487916401
11,1634487916519,1634487916508
10,1634487916628,1634487916618
11,1634487916737,1634487916726
11,1634487916845,1634487916834
11,1634487916955,1634487916944
10,1634487917063,1634487917053
11,1634487917172,1634487917161
11,1634487917282,1634487917271
11,1634487917390,1634487917379
11,1634487917501,1634487917490
11,1634487917609,1634487917598
10,1634487917717,1634487917707
10,1634487917825,1634487917815
11,1634487917934,1634487917923
11,1634487918042,1634487918031
11,1634487918150,1634487918139
11,1634487918258,1634487918247
11,1634487918366,1634487918355
11,1634487918475,1634487918464
11,1634487918585,1634487918574
11,1634487918693,1634487918682
11,1634487918802,1634487918791
10,1634487918910,1634487918900
11,1634487919019,1634487919008
12,1634487919129,1634487919117
10,1634487919234,1634487919224
10,1634487919345,1634487919335
11,1634487919454,1634487919443
9,1634487919561,1634487919552
10,1634487919670,1634487919660
11,1634487919780,1634487919769
10,1634487919887,1634487919877
11,1634487919996,1634487919985
10,1634487920104,1634487920094
11,1634487920214,1634487920203
11,1634487920321,1634487920310
11,1634487920429,1634487920418
12,1634487920540,1634487920528
11,1634487920647,1634487920636
10,1634487920755,1634487920745
11,1634487920864,1634487920853
10,1634487920971,1634487920961
11,1634487921081,1634487921070
11,1634487921190,1634487921179
10,1634487921299,1634487921289
10,1634487921407,1634487921397
10,1634487921516,1634487921506
11,1634487921625,1634487921614
11,1634487921732,1634487921721
10,1634487921841,1634487921831
11,1634487921950,1634487921939
10,1634487922057,1634487922047
11,1634487922165,1634487922154
10,1634487922274,1634487922264
11,1634487922382,1634487922371
11,1634487922490,1634487922479
10,1634487922598,1634487922588
10,1634487922705,1634487922695
11,1634487922815,1634487922804
10,1634487922926,1634487922916
11,1634487923035,1634487923024
11,1634487923145,1634487923134
11,1634487923256,1634487923245
10,1634487923357,1634487923347
11,1634487923467,1634487923456
10,1634487923577,1634487923567
10,1634487923685,1634487923675
10,1634487923793,1634487923783
10,1634487923901,1634487923891
11,1634487924013,1634487924002
11,1634487924121,1634487924110
10,1634487924229,1634487924219
10,1634487924335,1634487924325
11,1634487924445,1634487924434
10,1634487924550,1634487924540
10,1634487924658,1634487924648
10,1634487924768,1634487924758
11,1634487924878,1634487924867
11,1634487924987,1634487924976
10,1634487925094,1634487925084
11,1634487925205,1634487925194
11,1634487925312,1634487925301
10,1634487925421,1634487925411
10,1634487925530,1634487925520
10,1634487925637,1634487925627
11,1634487925747,1634487925736
11,1634487925856,1634487925845
11,1634487925965,1634487925954
11,1634487926072,1634487926061
11,1634487926181,1634487926170
11,1634487926293,1634487926282
11,1634487926401,1634487926390
10,1634487926509,1634487926499
10,1634487926619,1634487926609
11,1634487926728,1634487926717
11,1634487926836,1634487926825
11,1634487926945,1634487926934
10,1634487927052,1634487927042
10,1634487927162,1634487927152
10,1634487927270,1634487927260
10,1634487927378,1634487927368
11,1634487927487,1634487927476
11,1634487927596,1634487927585
12,1634487927706,1634487927694
11,1634487927812,1634487927801
12,1634487927922,1634487927910
11,1634487928028,1634487928017
10,1634487928134,1634487928124
15,1634487928258,1634487928243
10,1634487928352,1634487928342
11,1634487928460,1634487928449
10,1634487928567,1634487928557
10,1634487928676,1634487928666
11,1634487928786,1634487928775
11,1634487928894,1634487928883
11,1634487929001,1634487928990
11,1634487929110,1634487929099
10,1634487929217,1634487929207
10,1634487929325,1634487929315
11,1634487929434,1634487929423
10,1634487929543,1634487929533
11,1634487929653,1634487929642
10,1634487929761,1634487929751
10,1634487929869,1634487929859
12,1634487929981,1634487929969
11,1634487930088,1634487930077
11,1634487930196,1634487930185
10,1634487930304,1634487930294
10,1634487930414,1634487930404
10,1634487930522,1634487930512
11,1634487930632,1634487930621
11,1634487930741,1634487930730
11,1634487930850,1634487930839
11,1634487930958,1634487930947
11,1634487931068,1634487931057
11,1634487931176,1634487931165
10,1634487931283,1634487931273
10,1634487931393,1634487931383
10,1634487931502,1634487931492
11,1634487931612,1634487931601
11,1634487931719,1634487931708
11,1634487931828,1634487931817
11,1634487931936,1634487931925
10,1634487932043,1634487932033
11,1634487932153,1634487932142
10,1634487932260,1634487932250
11,1634487932368,1634487932357
10,1634487932474,1634487932464
10,1634487932582,1634487932572
11,1634487932691,1634487932680
10,1634487932800,1634487932790
11,1634487932908,1634487932897
11,1634487933016,1634487933005
10,1634487933123,1634487933113
12,1634487933236,1634487933224
10,1634487933342,1634487933332
11,1634487933451,1634487933440
11,1634487933559,1634487933548
11,1634487933670,1634487933659
10,1634487933775,1634487933765
11,1634487933884,1634487933873
11,1634487933993,1634487933982
11,1634487934102,1634487934091
11,1634487934210,1634487934199
11,1634487934319,1634487934308
11,1634487934427,1634487934416
11,1634487934535,1634487934524
10,1634487934640,1634487934630
10,1634487934748,1634487934738
10,1634487934857,1634487934847
11,1634487934967,1634487934956
10,1634487935078,1634487935068
10,1634487935185,1634487935175
11,1634487935296,1634487935285
10,1634487935404,1634487935394
10,1634487935510,1634487935500
10,1634487935618,1634487935608
10,1634487935726,1634487935716
11,1634487935837,1634487935826
10,1634487935946,1634487935936
10,1634487936053,1634487936043
11,1634487936163,1634487936152
10,1634487936271,1634487936261
10,1634487936380,1634487936370
10,1634487936490,1634487936480
10,1634487936598,1634487936588
11,1634487936708,1634487936697
10,1634487936814,1634487936804
11,1634487936924,1634487936913
11,1634487937032,1634487937021
10,1634487937140,1634487937130
11,1634487937249,1634487937238
11,1634487937358,1634487937347
11,1634487937465,1634487937454
11,1634487937575,1634487937564
10,1634487937683,1634487937673
11,1634487937794,1634487937783
11,1634487937902,1634487937891
10,1634487938010,1634487938000
10,1634487938118,1634487938108
10,1634487938224,1634487938214
11,1634487938335,1634487938324
10,1634487938441,1634487938431
11,1634487938550,1634487938539
11,1634487938656,1634487938645
12,1634487938767,1634487938755
10,1634487938872,1634487938862
10,1634487938980,1634487938970
11,1634487939090,1634487939079
11,1634487939198,1634487939187
10,1634487939306,1634487939296
10,1634487939414,1634487939404
10,1634487939523,1634487939513
10,1634487939631,1634487939621
10,1634487939737,1634487939727
10,1634487939848,1634487939838
10,1634487939957,1634487939947
11,1634487940066,1634487940055
11,1634487940175,1634487940164
10,1634487940280,1634487940270
10,1634487940389,1634487940379
10,1634487940497,1634487940487
11,1634487940610,1634487940599
10,1634487940717,1634487940707
10,1634487940825,1634487940815
11,1634487940936,1634487940925
10,1634487941043,1634487941033
11,1634487941151,1634487941140
11,1634487941260,1634487941249
10,1634487941368,1634487941358
11,1634487941477,1634487941466
11,1634487941586,1634487941575
11,1634487941695,1634487941684
10,1634487941804,1634487941794
10,1634487941911,1634487941901
10,1634487942022,1634487942012
10,1634487942132,1634487942122
10,1634487942242,1634487942232
10,1634487942350,1634487942340
10,1634487942456,1634487942446
11,1634487942568,1634487942557
11,1634487942675,1634487942664
10,1634487942784,1634487942774
9,1634487942889,1634487942880
10,1634487942998,1634487942988
11,1634487943111,1634487943100
10,1634487943219,1634487943209
10,1634487943329,1634487943319
10,1634487943433,1634487943423
10,1634487943543,1634487943533
11,1634487943655,1634487943644
10,1634487943763,1634487943753
11,1634487943872,1634487943861
11,1634487943979,1634487943968
10,1634487944087,1634487944077
10,1634487944194,1634487944184
10,1634487944305,1634487944295
10,1634487944412,1634487944402
10,1634487944520,1634487944510
10,1634487944628,1634487944618
11,1634487944735,1634487944724
11,1634487944845,1634487944834
11,1634487944951,1634487944940
11,1634487945061,1634487945050
11,1634487945170,1634487945159
11,1634487945280,1634487945269
11,1634487945389,1634487945378
11,1634487945497,1634487945486
11,1634487945604,1634487945593
11,1634487945714,1634487945703
10,1634487945820,1634487945810
10,1634487945928,1634487945918
10,1634487946036,1634487946026
10,1634487946144,1634487946134
11,1634487946256,1634487946245
10,1634487946365,1634487946355
11,1634487946473,1634487946462
11,1634487946582,1634487946571
11,1634487946692,1634487946681
10,1634487946800,1634487946790
11,1634487946909,1634487946898
11,1634487947019,1634487947008
10,1634487947127,1634487947117
11,1634487947236,1634487947225
11,1634487947344,1634487947333
10,1634487947452,1634487947442
10,1634487947560,1634487947550
10,1634487947670,1634487947660
10,1634487947779,1634487947769
11,1634487947889,1634487947878
10,1634487947997,1634487947987
11,1634487948109,1634487948098
9,1634487948215,1634487948206
11,1634487948325,1634487948314
11,1634487948435,1634487948424
10,1634487948541,1634487948531
10,1634487948649,1634487948639
11,1634487948758,1634487948747
10,1634487948865,1634487948855
10,1634487948974,1634487948964
10,1634487949083,1634487949073
11,1634487949195,1634487949184
11,1634487949304,1634487949293
11,1634487949412,1634487949401
11,1634487949521,1634487949510
11,1634487949629,1634487949618
11,1634487949736,1634487949725
11,1634487949845,1634487949834
11,1634487949955,1634487949944
10,1634487950063,1634487950053
11,1634487950171,1634487950160
10,1634487950279,1634487950269
10,1634487950386,1634487950376
11,1634487950496,1634487950485
10,1634487950603,1634487950593
10,1634487950711,1634487950701
10,1634487950820,1634487950810
11,1634487950928,1634487950917
11,1634487951038,1634487951027
11,1634487951146,1634487951135
10,1634487951253,1634487951243
10,1634487951362,1634487951352
11,1634487951471,1634487951460
10,1634487951578,1634487951568
11,1634487951688,1634487951677
11,1634487951796,1634487951785
11,1634487951904,1634487951893
11,1634487952013,1634487952002
11,1634487952122,1634487952111
10,1634487952228,1634487952218
11,1634487952338,1634487952327
9,1634487952444,1634487952435
11,1634487952555,1634487952544
11,1634487952663,1634487952652
10,1634487952772,1634487952762
10,1634487952882,1634487952872
10,1634487952990,1634487952980
10,1634487953100,1634487953090
11,1634487953209,1634487953198
10,1634487953316,1634487953306
11,1634487953425,1634487953414
11,1634487953534,1634487953523
10,1634487953643,1634487953633
11,1634487953753,1634487953742
11,1634487953861,1634487953850
10,1634487953968,1634487953958
11,1634487954076,1634487954065
11,1634487954186,1634487954175
11,1634487954294,1634487954283
11,1634487954402,1634487954391
10,1634487954510,1634487954500
11,1634487954620,1634487954609
11,1634487954727,1634487954716
10,1634487954836,1634487954826
11,1634487954946,1634487954935
11,1634487955055,1634487955044
11,1634487955164,1634487955153
11,1634487955273,1634487955262
11,1634487955380,1634487955369
11,1634487955490,1634487955479
11,1634487955597,1634487955586
10,1634487955706,1634487955696
10,1634487955813,1634487955803
11,1634487955923,1634487955912
10,1634487956032,1634487956022
11,1634487956140,1634487956129
11,1634487956249,1634487956238
10,1634487956356,1634487956346
11,1634487956466,1634487956455
10,1634487956572,1634487956562
12,1634487956682,1634487956670
11,1634487956787,1634487956776
11,1634487956897,1634487956886
11,1634487957006,1634487956995
11,1634487957115,1634487957104
10,1634487957225,1634487957215
11,1634487957334,1634487957323
10,1634487957442,1634487957432
10,1634487957550,1634487957540
10,1634487957658,1634487957648
11,1634487957767,1634487957756
11,1634487957876,1634487957865
11,1634487957985,1634487957974
11,1634487958093,1634487958082
10,1634487958201,1634487958191
11,1634487958311,1634487958300
11,1634487958418,1634487958407
10,1634487958527,1634487958517
10,1634487958635,1634487958625
10,1634487958742,1634487958732
11,1634487958851,1634487958840
10,1634487958958,1634487958948
11,1634487959067,1634487959056
11,1634487959175,1634487959164
11,1634487959286,1634487959275
11,1634487959393,1634487959382
10,1634487959501,1634487959491
10,1634487959609,1634487959599
10,1634487959717,1634487959707
10,1634487959825,1634487959815
11,1634487959936,1634487959925
11,1634487960042,1634487960031
11,1634487960150,1634487960139
11,1634487960257,1634487960246
10,1634487960367,1634487960357
10,1634487960475,1634487960465
10,1634487960583,1634487960573
11,1634487960693,1634487960682
10,1634487960802,1634487960792
11,1634487960909,1634487960898
11,1634487961017,1634487961006
11,1634487961125,1634487961114
10,1634487961232,1634487961222
11,1634487961340,1634487961329
10,1634487961448,1634487961438
10,1634487961558,1634487961548
10,1634487961667,1634487961657
11,1634487961776,1634487961765
10,1634487961884,1634487961874
10,1634487961993,1634487961983
10,1634487962101,1634487962091
10,1634487962209,1634487962199
10,1634487962319,1634487962309
11,1634487962429,1634487962418
10,1634487962538,1634487962528
11,1634487962646,1634487962635
11,1634487962755,1634487962744
11,1634487962863,1634487962852
10,1634487962971,1634487962961
11,1634487963080,1634487963069
10,1634487963185,1634487963175
11,1634487963297,1634487963286
11,1634487963406,1634487963395
10,1634487963514,1634487963504
10,1634487963623,1634487963613
10,1634487963731,1634487963721
10,1634487963840,1634487963830
11,1634487963949,1634487963938
10,1634487964057,1634487964047
11,1634487964165,1634487964154
10,1634487964272,1634487964262
11,1634487964381,1634487964370
11,1634487964489,1634487964478
11,1634487964600,1634487964589
11,1634487964706,1634487964695
10,1634487964813,1634487964803
11,1634487964924,1634487964913
10,1634487965032,1634487965022
11,1634487965140,1634487965129
11,1634487965249,1634487965238
10,1634487965356,1634487965346
11,1634487965466,1634487965455
11,1634487965573,1634487965562
11,1634487965682,1634487965671
11,1634487965789,1634487965778
10,1634487965899,1634487965889
10,1634487966007,1634487965997
11,1634487966116,1634487966105
10,1634487966225,1634487966215
11,1634487966334,1634487966323
10,1634487966440,1634487966430
10,1634487966550,1634487966540
11,1634487966659,1634487966648
11,1634487966765,1634487966754
10,1634487966872,1634487966862
10,1634487966980,1634487966970
10,1634487967090,1634487967080
11,1634487967197,1634487967186
10,1634487967303,1634487967293
11,1634487967411,1634487967400
10,1634487967521,1634487967511
11,1634487967629,1634487967618
10,1634487967739,1634487967729
11,1634487967849,1634487967838
12,1634487967961,1634487967949
11,1634487968066,1634487968055
10,1634487968172,1634487968162
10,1634487968283,1634487968273
10,1634487968391,1634487968381
10,1634487968499,1634487968489
10,1634487968607,1634487968597
10,1634487968717,1634487968707
10,1634487968822,1634487968812
10,1634487968933,1634487968923
11,1634487969041,1634487969030
10,1634487969150,1634487969140
10,1634487969257,1634487969247
10,1634487969364,1634487969354
10,1634487969473,1634487969463
12,1634487969586,1634487969574
11,1634487969693,1634487969682
11,1634487969800,1634487969789
10,1634487969908,1634487969898
10,1634487970018,1634487970008
11,1634487970127,1634487970116
12,1634487970239,1634487970227
11,1634487970347,1634487970336
10,1634487970453,1634487970443
11,1634487970565,1634487970554
10,1634487970672,1634487970662
10,1634487970778,1634487970768
10,1634487970887,1634487970877
10,1634487970995,1634487970985
10,1634487971104,1634487971094
10,1634487971214,1634487971204
11,1634487971322,1634487971311
10,1634487971430,1634487971420
11,1634487971539,1634487971528
10,1634487971647,1634487971637
10,1634487971757,1634487971747
10,1634487971865,1634487971855
11,1634487971973,1634487971962
11,1634487972082,1634487972071
10,1634487972191,1634487972181
155,1636650016982,1636650016827
10,1636650016839,1636650016829
11,1636650016954,1636650016943
10,1636650017058,1636650017048
11,1636650017167,1636650017156
11,1636650017278,1636650017267
11,1636650017384,1636650017373
11,1636650017492,1636650017481
11,1636650017601,1636650017590
11,1636650017709,1636650017698
10,1636650017817,1636650017807
11,1636650017924,1636650017913
10,1636650018033,1636650018023
11,1636650018139,1636650018128
11,1636650018247,1636650018236
11,1636650018356,1636650018345
11,1636650018462,1636650018451
11,1636650018571,1636650018560
11,1636650018681,1636650018670
11,1636650018791,1636650018780
11,1636650018900,1636650018889
11,1636650019008,1636650018997
11,1636650019116,1636650019105
11,1636650019224,1636650019213
10,1636650019331,1636650019321
10,1636650019439,1636650019429
11,1636650019548,1636650019537
11,1636650019657,1636650019646
10,1636650019763,1636650019753
10,1636650019871,1636650019861
10,1636650019979,1636650019969
10,1636650020088,1636650020078
10,1636650020195,1636650020185
11,1636650020307,1636650020296
10,1636650020412,1636650020402
11,1636650020521,1636650020510
11,1636650020630,1636650020619
10,1636650020739,1636650020729
11,1636650020849,1636650020838
10,1636650020957,1636650020947
11,1636650021065,1636650021054
11,1636650021173,1636650021162
10,1636650021282,1636650021272
11,1636650021390,1636650021379
10,1636650021498,1636650021488
10,1636650021607,1636650021597
10,1636650021713,1636650021703
11,1636650021822,1636650021811
11,1636650021930,1636650021919
11,1636650022038,1636650022027
11,1636650022144,1636650022133
11,1636650022251,1636650022240
11,1636650022359,1636650022348
11,1636650022467,1636650022456
11,1636650022576,1636650022565
10,1636650022682,1636650022672
10,1636650022790,1636650022780
11,1636650022899,1636650022888
12,1636650023012,1636650023000
11,1636650023116,1636650023105
13,1636650023230,1636650023217
10,1636650023330,1636650023320
10,1636650023441,1636650023431
11,1636650023548,1636650023537
11,1636650023657,1636650023646
11,1636650023765,1636650023754
11,1636650023875,1636650023864
10,1636650023977,1636650023967
10,1636650024083,1636650024073
12,1636650024195,1636650024183
10,1636650024301,1636650024291
10,1636650024408,1636650024398
11,1636650024517,1636650024506
10,1636650024621,1636650024611
11,1636650024731,1636650024720
11,1636650024840,1636650024829
10,1636650024948,1636650024938
11,1636650025058,1636650025047
10,1636650025164,1636650025154
11,1636650025273,1636650025262
10,1636650025381,1636650025371
11,1636650025491,1636650025480
9,1636650025597,1636650025588
11,1636650025708,1636650025697
10,1636650025814,1636650025804
10,1636650025921,1636650025911
10,1636650026030,1636650026020
11,1636650026140,1636650026129
11,1636650026253,1636650026242
11,1636650026362,1636650026351
