693,1634543884504,1634543883811
4,1634543884511,1634543884507
4,1634543884620,1634543884616
5,1634543884730,1634543884725
6,1634543884839,1634543884833
6,1634543884948,1634543884942
6,1634543885055,1634543885049
5,1634543885162,1634543885157
7,1634543885275,1634543885268
5,1634543885382,1634543885377
8,1634543885493,1634543885485
9,1634543885607,1634543885598
9,1634543885709,1634543885700
5,1634543885813,1634543885808
10,1634543885928,1634543885918
12,1634543886040,1634543886028
8,1634543886143,1634543886135
8,1634543886252,1634543886244
8,1634543886362,1634543886354
8,1634543886468,1634543886460
8,1634543886576,1634543886568
10,1634543886688,1634543886678
6,1634543886793,1634543886787
6,1634543886900,1634543886894
6,1634543887008,1634543887002
6,1634543887117,1634543887111
7,1634543887227,1634543887220
8,1634543887335,1634543887327
8,1634543887444,1634543887436
6,1634543887552,1634543887546
10,1634543887667,1634543887657
6,1634543887770,1634543887764
6,1634543887878,1634543887872
10,1634543887991,1634543887981
2,1634543888090,1634543888088
5,1634543888204,1634543888199
6,1634543888313,1634543888307
7,1634543888421,1634543888414
6,1634543888527,1634543888521
7,1634543888636,1634543888629
8,1634543888747,1634543888739
7,1634543888855,1634543888848
7,1634543888962,1634543888955
7,1634543889073,1634543889066
6,1634543889179,1634543889173
11,1634543889293,1634543889282
7,1634543889399,1634543889392
7,1634543889508,1634543889501
7,1634543889616,1634543889609
8,1634543889725,1634543889717
9,1634543889834,1634543889825
6,1634543889940,1634543889934
10,1634543890052,1634543890042
3,1634543890154,1634543890151
5,1634543890266,1634543890261
6,1634543890374,1634543890368
6,1634543890484,1634543890478
6,1634543890592,1634543890586
9,1634543890702,1634543890693
6,1634543890807,1634543890801
7,1634543890916,1634543890909
7,1634543891024,1634543891017
13,1634543891138,1634543891125
7,1634543891241,1634543891234
9,1634543891351,1634543891342
5,1634543891456,1634543891451
6,1634543891566,1634543891560
6,1634543891673,1634543891667
6,1634543891782,1634543891776
5,1634543891888,1634543891883
6,1634543891997,1634543891991
6,1634543892105,1634543892099
5,1634543892214,1634543892209
5,1634543892323,1634543892318
8,1634543892433,1634543892425
5,1634543892539,1634543892534
5,1634543892646,1634543892641
4,1634543892754,1634543892750
7,1634543892866,1634543892859
3,1634543892971,1634543892968
5,1634543893081,1634543893076
6,1634543893191,1634543893185
8,1634543893300,1634543893292
8,1634543893408,1634543893400
4,1634543893513,1634543893509
7,1634543893623,1634543893616
6,1634543893731,1634543893725
7,1634543893840,1634543893833
2,1634543893942,1634543893940
7,1634543894055,1634543894048
5,1634543894161,1634543894156
5,1634543894270,1634543894265
8,1634543894383,1634543894375
7,1634543894490,1634543894483
4,1634543894594,1634543894590
6,1634543894705,1634543894699
6,1634543894812,1634543894806
5,1634543894920,1634543894915
6,1634543895030,1634543895024
5,1634543895137,1634543895132
6,1634543895247,1634543895241
5,1634543895356,1634543895351
5,1634543895465,1634543895460
9,1634543895576,1634543895567
4,1634543895681,1634543895677
5,1634543895791,1634543895786
6,1634543895900,1634543895894
5,1634543896007,1634543896002
7,1634543896116,1634543896109
7,1634543896223,1634543896216
8,1634543896332,1634543896324
6,1634543896439,1634543896433
9,1634543896550,1634543896541
6,1634543896656,1634543896650
